97	390769.108785538	390771.242392856	392612.135541754	392604.223796849	8.1943875686786
0	390727.579459152	390727.177281414	392538.702734691	392538.087417432	0.7350933691365
1	390727.177281414	390727.022513197	392538.087417432	392537.8254468	0.3042725970865
2	390727.022513197	390726.945357605	392537.8254468	392537.674586026	0.1694460339500
3	390726.945357605	390726.926964795	392537.674586026	392537.512644926	0.1629822546991
4	390726.926964795	390727.013952595	392537.512644926	392537.386253913	0.1534326091882
5	390727.013952595	390735.244832303	392537.386253913	392532.015930218	9.8279070689504
6	390735.244832303	390736.126116886	392532.015930218	392532.014832819	0.8812852653346
7	390736.126116888	390738.006617417	392532.014832819	392534.146737914	2.8427630176663
8	390738.006617417	390739.80218504	392534.146737914	392536.014376999	2.5907795813723
9	390739.80218504	390742.265368294	392536.014376999	392538.228270052	3.3118868027813
10	390742.265368294	390738.771602184	392538.228270052	392542.988621339	5.9048578307021
11	390742.265368294	390751.139248196	392538.228270052	392542.770041566	9.9686224222963
12	390738.771602184	390737.825222274	392542.988621339	392544.311498909	1.6265423449506
13	390738.771602184	390737.354107757	392542.988621339	392542.280091487	1.5847097525288
14	390751.139248196	390753.496547711	392542.770041566	392543.98903336	2.6538278014062
15	390737.825222274	390738.577823314	392544.311498909	392547.959472549	3.7247979812638
16	390753.496547711	390751.000669272	392543.98903336	392549.143023374	5.7265192090668
17	390753.496547711	390760.624714411	392543.98903336	392547.674202623	8.0244148073543
18	390737.354107756	390737.191759448	392542.280091488	392542.250874382	0.1649563951312
19	390751.000669272	390751.365269876	392549.143023374	392549.30763701	0.4000390607201
20	390751.000669272	390750.163908744	392549.143023374	392550.743848495	1.8063247907889
21	390760.624714411	390765.562105968	392547.674202623	392550.249020017	5.5684396377344
22	390737.191759448	390736.982657127	392542.250874382	392542.305460869	0.2161098451569
23	390751.365269876	390751.527684441	392549.30763701	392549.385960117	0.1803136155673
24	390750.163908744	390746.858416612	392550.743848495	392553.565877335	4.3462771426393
25	390765.562105968	390769.288166403	392550.249020017	392552.203928617	4.2077540328114
26	390736.982657127	390736.752452158	392542.305460869	392542.447858899	0.2706871383406
27	390751.527684441	390751.639348141	392549.385960117	392549.541025323	0.1910863678423
28	390769.288166403	390769.820270746	392552.203928617	392552.495356084	0.6066836078564
29	390736.752452158	390736.653979549	392542.447858899	392542.656740161	0.2309290721734
30	390751.639348141	390751.698691639	392549.541025323	392549.713078656	0.1820000000981
31	390769.820270746	390772.258093752	392552.495356084	392553.763794491	2.7480751444396
32	390736.653979549	390736.275292276	392542.656740161	392543.366212179	0.8042105419964
33	390751.698691639	390751.734232526	392549.713078656	392549.816121585	0.1090000000182
34	390772.258093752	390772.75658545	392553.763794491	392554.016040455	0.5586787987617
35	390772.258093752	390768.542919711	392553.763794491	392561.139260025	8.2583297343542
36	390736.275292276	390733.492178684	392543.366212179	392545.482333332	3.4962394082498
37	390751.734232526	390751.730760822	392549.816121585	392550.029939141	0.2138457386756
38	390772.75658545	390778.411611297	392554.016040455	392557.420188318	6.6005711872526
39	390768.542919711	390764.658172817	392561.139260025	392562.235864591	4.0365579396729
40	390751.730760822	390751.303104811	392550.029939141	392551.025808278	1.0838104077859
41	390778.411611297	390780.444865175	392557.420188318	392558.497073023	2.3008263734214
42	390751.303104811	390751.617998066	392551.025808278	392555.09766857	4.0840181195100
43	390780.444865175	390780.850518075	392558.497073023	392558.792976259	0.5021085539551
44	390780.850518075	390781.654263442	392558.792976259	392559.41806696	1.0182067568731
45	390781.654263442	390782.333647463	392559.41806696	392560.09662967	0.9602135181237
46	390782.333647463	390782.747390963	392560.09662967	392560.471193838	0.5581057246078
47	390782.747390963	390783.016287412	392560.471193838	392560.723294414	0.3685919153645
48	390783.016287412	390783.40019966	392560.723294414	392561.057372826	0.5089174786172
49	390783.40019966	390783.661399606	392561.057372826	392561.268757756	0.3360193446667
50	390783.661399606	390783.823098714	392561.268757756	392561.369541675	0.1905360857087
51	390783.823098714	390790.743943155	392561.369541675	392564.306415221	7.5181988535342
52	390790.743943155	390791.415705675	392564.306415221	392564.646991374	0.7531646565275
53	390791.415705675	390790.905670672	392564.646991374	392565.627903855	1.1055880787621
54	390791.415705675	390793.102393568	392564.646991374	392561.403776309	3.6555929751571
55	390790.905670672	390790.656682987	392565.627903855	392566.10517331	0.5383131058121
56	390793.102393568	390796.075335998	392561.403776309	392555.519840271	6.5923508706257
57	390790.656682987	390789.490590781	392566.10517331	392568.34902401	2.5287619499431
58	390796.075335998	390797.417856338	392555.519840271	392552.876637453	2.9646048640694
59	390789.490590781	390792.927182298	392568.34902401	392570.019788729	3.8212060923923
60	390789.490590781	390786.179242001	392568.34902401	392574.717799345	7.1781843109674
61	390797.417856338	390797.876174049	392552.876637453	392552.123009643	0.8820487514684
62	390792.927182298	390793.228668598	392570.019788729	392570.15169404	0.3290790179132
63	390786.179242001	390783.754040559	392574.717799345	392579.475591161	5.3402420356529
64	390797.876174049	390798.370342242	392552.123009643	392551.258640048	0.9956590782845
65	390793.228668598	390793.542538241	392570.15169404	392570.227495404	0.3228931710199
66	390783.754040559	390782.140501014	392579.475591161	392582.667131092	3.5762322352066
67	390798.370342242	390798.895160374	392551.258640048	392550.483133163	0.9364000211647
68	390793.542538241	390793.802940581	392570.227495404	392570.24028687	0.2607163208882
69	390782.140501014	390780.529764671	392582.667131092	392585.854530728	3.5712726024320
70	390782.140501014	390786.789718497	392582.667131092	392584.838883103	5.1314452153974
71	390798.895160374	390799.597703927	392550.483133163	392549.646326401	1.0926174996682
72	390793.802940581	390794.187701914	392570.24028687	392570.168930603	0.3913221181811
73	390780.529764671	390776.189453064	392585.854530728	392594.2728232	9.4713226636617
74	390786.789718497	390787.062323597	392584.838883103	392584.991328042	0.3123347564196
75	390799.597703927	390799.817371802	392549.646326401	392549.421408583	0.3143914757283
76	390829.548888609	390831.861348992	392628.463634976	392622.366779227	6.5206689113833
77	390794.187701914	390794.645384055	392570.168930603	392570.054440177	0.4717849085513
78	390776.189453064	390774.703225808	392594.2728232	392597.207831299	3.2898547079596
79	390787.062323597	390787.331175442	392584.991328042	392585.086887894	0.2853296339987
80	390799.817371802	390801.026957254	392549.421408583	392548.107182182	1.7861377325519
81	390794.645384055	390794.999472017	392570.054440177	392570.013761986	0.3564168906442
82	390774.703225808	390772.867642125	392597.207831299	392600.669536738	3.9182613491289
83	390774.703225808	390778.4781769	392597.207831299	392599.059136311	4.2044721428202
84	390787.331175442	390787.448370455	392585.086887894	392585.1046454	0.1185326959091
85	390801.026957254	390801.831488193	392548.107182182	392547.498593677	1.0087863995221
86	390794.999472017	390795.410613978	392570.013761986	392570.046492522	0.4124427232110
87	390772.867642125	390772.60587935	392600.669536738	392601.195640577	0.5876265820772
88	390778.4781769	390778.89774023	392599.059136311	392599.232824573	0.4540936027025
89	390787.448370455	390787.703424417	392585.1046454	392585.089662869	0.2554936398448
90	390801.831488193	390802.467139668	392547.498593677	392547.102694446	0.7488584646004
91	390795.410613978	390795.779644572	392570.046492522	392570.165679017	0.3878002064211
92	390772.60587935	390771.242392856	392601.195640577	392604.223796849	3.3209676042038
93	390778.89774023	390779.32841314	392599.232824573	392599.319113881	0.4392322847923
94	390787.703424417	390788.347607548	392585.089662869	392584.997586301	0.6507303588445
95	390802.467139668	390803.071242813	392547.102694446	392546.805475013	0.6732607221455
96	390795.779644572	390796.157807288	392570.165679017	392570.342010979	0.4172529209808
98	390779.32841314	390779.679310858	392599.319113881	392599.336657871	0.3513360215365
99	390788.347607548	390788.720893338	392584.997586301	392584.917494364	0.3817813510726
100	390803.071242813	390803.880205009	392546.805475013	392546.593095247	0.8363761114757
101	390796.157807288	390796.728117296	392570.342010979	392570.627665481	0.6378495119907
102	390779.679310858	390779.956236838	392599.336657871	392599.296148592	0.2798731854838
103	390788.720893338	390788.987945955	392584.917494364	392584.931165494	0.2674023184569
104	390803.880205009	390805.401485778	392546.593095247	392546.332838024	1.5433823247406
105	390796.728117296	390798.280545513	392570.627665481	392571.417650057	1.7418693980763
106	390779.956236838	390780.53362162	392599.296148592	392599.166816411	0.5916924878176
107	390788.987945955	390789.498973444	392584.931165494	392584.989739432	0.5143734054238
108	390805.401485778	390806.747110144	392546.332838024	392546.333093426	1.3456243902565
109	390798.280545513	390798.458126785	392571.417650057	392571.501756268	0.1964916356479
110	390780.53362162	390780.995317397	392599.166816411	392599.103832206	0.4659721021501
111	390789.498973444	390789.747546041	392584.989739432	392585.051039218	0.2560195303944
112	390806.747110144	390807.658749399	392546.333093426	392546.415336167	0.9153414666439
113	390780.995317397	390781.318537291	392599.103832206	392599.105535171	0.3232243803009
114	390789.747546041	390789.913089872	392585.051039218	392585.126167376	0.1817938392972
115	390807.658749399	390808.240328491	392546.415336167	392546.568050804	0.6012952685948
116	390781.318537291	390781.632993377	392599.105535171	392599.176903017	0.3224530972442
117	390789.913089872	390791.778055343	392585.126167376	392586.046361264	2.0796280918039
118	390808.240328491	390809.456763985	392546.568050804	392547.009544504	1.2940757317747
119	390798.458126785	390798.535953431	392571.501756269	392571.595842526	0.1221032784688
120	390781.632993377	390782.06103435	392599.176903017	392599.375170327	0.4717297956057
121	390791.778055343	390792.322709589	392586.046361264	392586.328171044	0.6132413880485
122	390809.456763985	390807.969664394	392547.009544504	392551.322124104	4.5617768468491
123	390809.456763985	390810.262113793	392547.009544504	392547.30192899	0.8567829363830
124	390798.535953431	390798.532657941	392571.595842526	392571.728430242	0.1326286648778
125	390782.06103435	390783.647659302	392599.375170327	392600.169227164	1.7742336373691
126	390792.322709589	390792.427359403	392586.328171044	392586.416897683	0.1372005830276
127	390807.969664394	390807.77571335	392551.322124104	392551.922157431	0.6306005075342
128	390810.262113793	390813.236057038	392547.30192899	392548.51767879	3.2128470240454
129	390798.532657941	390798.496974018	392571.728430242	392571.885658286	0.1612265486621
130	390783.647659302	390784.011186721	392600.169227164	392600.36753202	0.4140978145274
131	390792.427359403	390794.222982885	392586.416897683	392583.461915229	3.4577716813118
132	390792.427359403	390792.478124381	392586.416897683	392586.524209924	0.1187139420353
133	390807.77571335	390807.648759965	392551.922157431	392552.182796718	0.2899137801404
134	390813.236057038	390811.76428703	392548.51767879	392552.509743174	4.2547250204581
135	390813.236057038	390814.234891232	392548.51767879	392548.926329316	1.0791964602834
136	390798.496974018	390798.433124352	392571.885658286	392572.040965144	0.1679196237521
137	390784.011186721	390784.161966241	392600.36753202	392600.482660367	0.1897076698738
138	390794.222982885	390798.099459046	392583.461915229	392583.749454534	3.8871257085872
139	390792.478124381	390792.530064599	392586.524209924	392586.653330851	0.1391761473111
140	390807.648759965	390807.420260248	392552.182796718	392552.44037948	0.3443268797398
141	390811.76428703	390811.681997243	392552.509743174	392552.807867965	0.3092733420232
142	390814.234891232	390817.851155139	392548.926329316	392550.418763352	3.9121252536222
143	390798.433124352	390798.107403977	392572.040965144	392572.590186627	0.6385436555693
144	390784.161966241	390784.233235653	392600.482660367	392600.585015977	0.1247236944924
145	390792.530064599	390792.557587624	392586.653330851	392586.776064233	0.1257815567136
146	390807.420260248	390806.998583479	392552.44037948	392552.763533782	0.5312626468426
147	390811.681997243	390811.648569978	392552.807867965	392553.060578506	0.2549117493731
148	390817.851155139	390819.472847082	392550.418763352	392551.08753928	1.7541795803081
149	390798.107403977	390798.599519701	392572.590186627	392576.889579404	4.3274653243350
150	390784.233235653	390784.709451644	392600.585015977	392599.849544475	0.8761849118491
151	390784.233235653	390784.292859409	392600.585015977	392600.825477992	0.2477437648775
152	390792.557587624	390792.550686376	392586.776064233	392586.903266327	0.1273891674213
153	390806.998583479	390806.623031713	392552.763533782	392553.051738345	0.4733930712069
154	390811.648569978	390811.667505165	392553.060578506	392553.422165921	0.3620828632634
155	390819.472847082	390820.233078214	392551.08753928	392551.359520209	0.8074187266256
156	390784.709451644	390784.928263287	392599.849544475	392599.511736149	0.4024835401986
157	390792.550686376	390792.538504786	392586.903266327	392587.039694363	0.1369707999496
158	390806.623031713	390806.384330217	392553.051738345	392553.331880445	0.3680461929444
159	390811.667505165	390811.853476348	392553.422165921	392555.03782669	1.6263286878148
160	390820.233078214	390825.13948427	392551.359520209	392553.295528634	5.274556758648
161	390784.928263287	390785.258560262	392599.511736149	392598.915979145	0.6811919699934
162	390792.538504786	390792.20921183	392587.039694363	392587.762571357	0.7943456425211
163	390806.384330217	390806.118448225	392553.331880445	392553.704964572	0.4581320768608
164	390811.853476348	390811.859889769	392555.03782669	392555.350842453	0.3130814589275
165	390825.13948427	390825.504083698	392553.295528634	392553.444804409	0.3939746183132
166	390785.258560262	390785.836174708	392598.915979145	392597.743036669	1.3074526759887
167	390784.292859408	390784.213937038	392600.825477993	392601.010565696	0.2012118242830
168	390792.20921183	390794.904206929	392587.762571357	392591.64236517	4.7239600555979
169	390806.118448225	390805.903359349	392553.704964572	392554.127171601	0.4738375249348
170	390811.859889769	390811.837935693	392555.350842453	392555.581612942	0.2318124241605
171	390825.504083698	390825.308112944	392553.444804409	392554.063517156	0.6490069335713
172	390825.504083698	390832.182473297	392553.444804409	392556.178636949	7.2162821454935
173	390785.836174708	390789.398236276	392597.743036669	392596.928374105	3.6540330749038
174	390784.213937038	390783.912244461	392601.010565696	392601.589580885	0.6528989202051
175	390805.903359349	390805.675270196	392554.127171601	392554.637429711	0.5589168095287
176	390811.837935693	390811.798934864	392555.581612942	392555.845766184	0.2670168534429
177	390825.308112944	390824.149065296	392554.063517156	392557.198788843	3.3426516421373
178	390832.182473297	390835.419068483	392556.178636949	392557.410633543	3.4631436584312
179	390783.912244461	390788.704283715	392601.589580885	392604.419702267	5.5653595792070
180	390805.675270196	390805.548645227	392554.637429711	392554.92969007	0.3185121662433
181	390811.798934864	390811.729485851	392555.845766184	392556.101380805	0.2648811054537
182	390824.149065296	390823.770283568	392557.198788843	392558.302622346	1.1670149956691
183	390835.419068483	390832.277697506	392557.410633543	392565.986613568	9.1332165748206
184	390835.419068483	390841.676699346	392557.410633543	392559.727787581	6.6728664647845
185	390805.548645227	390805.010341343	392554.92969007	392556.264141616	1.4389343279813
186	390811.729485851	390810.934073282	392556.101380805	392558.288252509	2.3270343786565
187	390823.770283568	390822.904537617	392558.302622346	392560.690407502	2.5398885802721
188	390832.277697506	390830.508820613	392565.986613568	392569.14181745	3.6172139831322
189	390841.676699346	390839.250678578	392559.727787581	392566.087494558	6.8067209138831
190	390841.676699346	390842.814116406	392559.727787581	392560.14904006	1.2129184723133
191	390805.010341343	390804.86352398	392556.264141616	392556.804547631	0.5599946427139
192	390810.934073282	390811.4704948	392558.288252509	392563.014652508	4.7567431085694
193	390822.904537617	390822.194973394	392560.690407502	392562.647742581	2.0819803071948
194	390822.904537617	390822.000275767	392560.690407502	392560.313664211	0.9796045120790
195	390839.250678578	390838.056005632	392566.087494558	392569.294291333	3.4221030085277
196	390842.814116406	390843.789344985	392560.14904006	392560.507652961	1.0390736225949
197	390804.86352398	390804.838013698	392556.804547631	392556.997405676	0.1945379139968
198	390822.194973394	390821.935005687	392562.647742581	392565.752171802	3.1152951705181
199	390822.000275767	390821.86505346	392560.313664211	392560.295777692	0.1364001465885
200	390838.056005632	390837.952559286	392569.294291333	392569.595482059	0.3184603585855
201	390843.789344985	390844.434572079	392560.507652961	392560.851034669	0.7309097071552
202	390804.838013698	390804.846174687	392556.997405676	392557.143742269	0.1465639794019
203	390821.86505346	390821.717541629	392560.295777692	392560.282129994	0.1481418240102
204	390837.952559286	390837.863581526	392569.595482059	392569.768040081	0.1941476569638
205	390844.434572079	390845.181490985	392560.851034669	392561.39417567	0.9235204382133
206	390804.846174687	390804.874446011	392557.143742269	392557.247176945	0.1072287274788
207	390821.717541629	390821.591026855	392560.282129994	392560.310957272	0.1297574659022
208	390845.181490985	390845.62868057	392561.39417567	392561.761435082	0.5786691629934
209	390821.591026855	390821.472534646	392560.310957272	392560.381445544	0.1378731301116
210	390845.62868057	390846.263203943	392561.761435082	392562.383539646	0.8886135267852
211	390804.87444601	390804.968338092	392557.247176944	392557.335382824	0.1288254641554
212	390821.472534646	390821.334846961	392560.381445544	392560.522023286	0.1967739821268
213	390837.863581527	390837.731496769	392569.768040079	392569.86848813	0.1659403329054
214	390846.263203943	390846.77323931	392562.383539646	392563.107819236	0.8858425366549
215	390804.968338092	390805.095901443	392557.335382824	392557.377067251	0.1342013414071
216	390821.334846961	390821.221287951	392560.522023286	392560.732556778	0.2392070233339
217	390837.731496769	390837.563464217	392569.86848813	392569.934370513	0.1804866398759
218	390846.77323931	390847.220142821	392563.107819236	392563.995620594	0.9939386299761
219	390805.095901443	390805.679793466	392557.377067251	392557.508885708	0.5985866686821
220	390821.221287951	390820.682205279	392560.732556778	392562.113820646	1.4827339612109
221	390837.563464217	390837.430131999	392569.934370513	392569.926499902	0.1335643175003
222	390847.220142821	390847.472543856	392563.995620594	392564.669130592	0.7192509994510
223	390805.679793466	390807.004134974	392557.508885708	392559.266102134	2.2003840575209
224	390820.682205279	390816.230076253	392562.113820646	392564.546443744	5.0733724484626
225	390837.430131999	390837.21796994	392569.926499902	392569.846669379	0.2266840349026
226	390847.472543856	390847.660541625	392564.669130592	392565.505543074	0.8572800008636
227	390837.21796994	390837.019112514	392569.846669379	392569.738036634	0.2265951216424
228	390847.660541625	390847.786925305	392565.505543074	392566.74296142	1.2438556989430
229	390782.140501012	390778.305799758	392582.667131093	392581.333281618	4.0600601140704
230	390837.019112514	390836.615274139	392569.738036634	392569.515130105	0.4612729707946
231	390847.786925305	390847.784485894	392566.74296142	392567.665156654	0.9221984601982
232	390778.305799758	390777.950846312	392581.333281618	392581.221917123	0.3720134405644
233	390836.615274139	390833.051642928	392569.515130105	392570.380387058	3.6671701623340
234	390847.784485894	390847.626284547	392567.665156654	392568.540584169	0.8896072167651
235	390777.950846312	390777.744433259	392581.221917123	392581.175888311	0.2114828598139
236	390847.626284547	390847.396558113	392568.540584169	392569.380386387	0.8706560744354
237	390777.744433259	390777.602103673	392581.175888311	392581.156828171	0.1436001391214
238	390847.396558113	390847.043748801	392569.380386387	392570.366307068	1.0471456442886
239	390777.602103673	390777.368176665	392581.156828171	392581.149888774	0.2340299127491
240	390847.043748801	390846.441965918	392570.366307068	392572.013551544	1.7537266034621
241	390777.368176665	390776.590306678	392581.149888774	392581.140492899	0.7779267319294
242	390846.441965918	390844.313083163	392572.013551544	392577.53231329	5.9151393051280
243	390776.590306678	390775.724398688	392581.140492899	392581.157823605	0.8660814048802
244	390844.313083163	390841.324771615	392577.53231329	392585.34676734	8.3663431676296
245	390775.724398688	390775.237318241	392581.157823605	392581.159447852	0.4870831551142
246	390841.324771615	390839.2029051	392585.34676734	392590.962543376	6.0032706085914
247	390775.237318241	390774.780811519	392581.159447852	392581.128357463	0.4575642030278
248	390839.2029051	390838.50662026	392590.962543376	392592.645556276	1.8213580100037
249	390774.780811517	390773.991073735	392581.128357462	392580.617781066	0.9404116227940
250	390838.50662026	390836.447425728	392592.645556276	392597.627243027	5.3904995129614
251	390838.50662026	390835.143193556	392592.645556276	392591.137846488	3.6858958205882
252	390836.447425728	390834.159004351	392597.627243027	392603.161892754	5.9890917509211
253	390835.143193556	390834.665304816	392591.137846488	392590.890130214	0.5382759515998
254	390834.159004351	390833.348780517	392603.161892754	392605.2015482	2.1946883605621
255	390834.665304816	390834.411411978	392590.890130214	392590.742867092	0.2935097953910
256	390833.348780517	390831.634009213	392605.2015482	392609.516492391	4.6431868366486
257	390833.348780517	390823.943338293	392605.2015482	392601.059971014	10.276916123244
258	390834.411411978	390834.262358947	392590.742867092	392590.611276083	0.1988290723027
259	390831.634009213	390829.240963989	392609.516492391	392615.726146452	6.6548079612175
260	390823.943338293	390823.402960415	392601.059971014	392600.854964311	0.5779584758915
261	390823.943338293	390821.673985277	392601.059971014	392604.4417442	4.0726346509890
262	390834.262358947	390834.060162322	392590.611276083	392590.386944799	0.3020066223921
263	390829.240963989	390828.004777972	392615.726146452	392619.594642301	4.0612086869320
264	390823.402960415	390823.174369139	392600.854964311	392600.768789903	0.2442949036965
265	390821.673985277	390817.069639452	392604.4417442	392601.605969148	5.4075521844125
266	390834.060162322	390833.789724673	392590.386944799	392590.016900912	0.4583328484466
267	390828.004777972	390827.763660407	392619.594642301	392620.251140831	0.6993768656033
268	390823.174369139	390823.064307617	392600.768789903	392600.676640777	0.1435444183323
269	390833.789724673	390833.579376469	392590.016900912	392589.768935929	0.3251661113999
270	390827.763660407	390823.455380516	392620.251140831	392618.295005513	4.7315685560799
271	390823.064307617	390823.005522426	392600.676640777	392600.558343265	0.1320984478364
272	390833.579376469	390833.402776979	392589.768935929	392589.634152323	0.2221576017822
273	390823.455380516	390820.930034246	392618.295005513	392617.094836268	2.7960293275135
274	390823.005522426	390822.99165886	392600.558343265	392600.441476668	0.1176860230228
275	390833.402776979	390833.253498762	392589.634152323	392589.54177801	0.1755477142219
276	390773.991073737	390773.033446245	392580.617781067	392578.49973513	2.3244717695756
277	390820.930034246	390818.881802633	392617.094836268	392616.250547064	2.2154180192531
278	390822.99165886	390822.992920862	392600.441476668	392600.31939306	0.1220901306073
279	390833.253498762	390832.746238551	392589.54177801	392589.297845481	0.5628641043973
280	390773.033446245	390771.615438077	392578.49973513	392579.798232275	1.9227173477662
281	390773.033446245	390772.85896493	392578.49973513	392572.918805702	5.5836562396232
282	390818.881802633	390818.035080348	392616.250547064	392615.902616938	0.9154201221838
283	390822.992920862	390823.116444702	392600.31939306	392599.972138311	0.3685702106478
284	390832.746238551	390828.581175396	392589.297845481	392587.459447016	4.5527420308338
285	390771.615438077	390770.00595404	392579.798232275	392581.182857182	2.1231168126645
286	390818.035080348	390817.781612098	392615.902616938	392615.765785486	0.2880433993633
287	390818.035080348	390815.788563315	392615.902616938	392616.847983064	2.4373255610304
288	390823.116444702	390823.268199969	392599.972138311	392599.633128961	0.3714256318065
289	390828.581175396	390828.371556763	392587.459447016	392587.373075559	0.2267156811287
290	390770.00595404	390764.817732188	392581.182857182	392578.692762403	5.7548430037859
291	390817.781612098	390817.653135693	392615.765785486	392615.690190049	0.1490666182641
292	390815.788563315	390812.336298657	392616.847983064	392614.510836686	4.1689788270068
293	390823.268199969	390819.343478395	392599.633128961	392596.647553295	4.9312373178899
294	390828.371556763	390828.194216032	392587.373075559	392587.349617829	0.1788854380454
295	390806.265498559	390806.801701196	392620.239132462	392620.509880928	0.6006812798113
296	390806.265498559	390804.002741652	392620.239132462	392623.351804655	3.8482199779864
297	390817.653135693	390817.56843499	392615.690190049	392615.570066941	0.1469822111694
298	390828.194216032	390827.99536454	392587.349617829	392587.386470025	0.2022374843352
299	390806.801701196	390806.930417437	392620.509880928	392620.570379931	0.1422251736549
300	390804.002741652	390803.739507506	392623.351804655	392623.760910735	0.4864771320136
301	390817.56843499	390817.531355695	392615.570066941	392615.412240231	0.1621238548156
302	390827.99536454	390827.825201904	392587.386470025	392587.445161396	0.1799999999932
303	390806.930417437	390810.421789929	392620.570379931	392622.206665701	3.8557895430051
304	390803.739507506	390803.569191138	392623.760910735	392624.076923923	0.3589874650485
305	390817.531355695	390817.555097646	392615.412240231	392615.233316634	0.1804919222489
306	390827.825201904	390827.641187463	392587.445161396	392587.540364787	0.2071834934265
307	390842.735142001	390840.63293492	392635.134901735	392639.374099111	4.7318145568487
308	390842.735142001	390841.988396975	392635.134901735	392634.781317424	0.8262263612825
309	390810.421789929	390812.883976381	392622.206665701	392623.319950424	2.7021778254558
310	390803.569191138	390803.445000253	392624.076923923	392624.403398461	0.3492978670849
311	390817.555097646	390817.665445486	392615.233316634	392615.007852755	0.2510191358867
312	390827.641187463	390827.492547349	392587.540364787	392587.692124849	0.2124264579085
313	390841.988396975	390838.447329872	392634.781317424	392633.034840749	3.9483334457602
314	390812.883976381	390817.903062436	392623.319950424	392625.35039894	5.4142354951808
315	390812.883976381	390813.479434665	392623.319950424	392623.560903952	0.6423621797678
316	390803.445000253	390802.5197483	392624.403398461	392627.551433057	3.2811907898192
317	390817.665445486	390817.792249954	392615.007852755	392614.62814238	0.4003240458014
318	390827.492547349	390827.356593209	392587.692124849	392587.908267098	0.2553448648693
319	390838.447329872	390834.289855576	392633.034840749	392641.204754303	9.1669013302757
320	390838.447329872	390834.298194099	392633.034840749	392630.952354415	4.6424214587399
321	390817.903062436	390822.408663638	392625.35039894	392627.085831682	4.8282677018831
322	390813.479434665	390809.200426038	392623.560903952	392634.411782098	11.664110397637
323	390802.5197483	390802.060748004	392627.551433057	392629.007899922	1.5270812029632
324	390817.792249954	390817.203239479	392614.62814238	392609.143612625	5.5160674378523
325	390827.356593209	390827.302816308	392587.908267098	392588.059041913	0.1600781059360
326	390834.289855576	390830.112407814	392641.204754303	392643.643791653	4.8373518580780
327	390834.298194099	390830.382168692	392630.952354415	392628.845919034	4.4466082579199
328	390822.408663638	390821.009513391	392627.085831682	392630.758443639	3.9301017799352
329	390822.408663638	390824.417053839	392627.085831682	392627.352453324	2.0260104389260
330	390824.417053839	390825.737725243	392627.352453324	392626.423473906	1.6146751123092
331	390825.737725243	390826.384400938	392626.423473906	392624.566094409	1.9667353781316
332	390826.384400938	390826.960628965	392624.566094409	392622.83449664	1.8249574170291
333	390826.960628965	390827.763660408	392622.83449664	392620.251140832	2.7052886591061
334	390809.200426038	390809.060477783	392634.411782098	392637.153606032	2.7453932323069
335	390802.060748004	390801.766369378	392629.007899922	392629.661386896	0.7167314699672
336	390827.302816308	390827.142154197	392588.059041913	392588.727987117	0.6879680225519
337	390830.382168692	390829.612379973	392628.845919034	392630.285236	1.6322401784062
338	390821.009513391	390819.170180444	392630.758443639	392635.786295497	5.3537314088891
339	390801.766369378	390801.539273091	392629.661386896	392630.082071192	0.4780669408768
340	390827.142154197	390826.024842546	392588.727987117	392592.640733452	4.0691484617378
341	390829.612379973	390829.394344628	392630.285236	392630.620852728	0.4002224379272
342	390819.170180444	390818.627372986	392635.786295497	392637.259743516	1.5702512537639
343	390801.539273091	390801.116213305	392630.082071192	392630.678058958	0.7308768706103
344	390829.394344628	390829.210841843	392630.620852728	392630.825437009	0.2748235800215
345	390818.627372986	390815.10684126	392637.259743516	392641.083171999	5.1973790509770
346	390801.116213305	390800.223173097	392630.678058958	392631.791577788	1.4273909764026
347	390829.210841843	390828.936852125	392630.825437009	392631.090130482	0.3809632527382
348	390800.223173097	390799.947454637	392631.791577788	392632.073821179	0.3945655841661
349	390828.936852125	390828.230406902	392631.090130482	392631.653171463	0.9033714628947
350	390799.947454637	390799.867407343	392632.073821179	392632.155762808	0.1145512986187
351	390828.230406902	390827.704727804	392631.653171463	392632.095015876	0.6867059049841
352	390799.867407343	390799.709742409	392632.155762808	392632.200219553	0.1638128008188
353	390799.867407343	390800.311768285	392632.155762808	392632.44058618	0.5278077299285
354	390827.704727804	390827.36417739	392632.095015876	392632.436205583	0.4820632740953
355	390799.709742409	390799.539170413	392632.200219553	392632.174238175	0.1725393802521
356	390800.311768285	390800.931526532	392632.44058618	392632.75836081	0.6964775661891
357	390827.36417739	390827.031936616	392632.436205583	392632.816522644	0.5049999997781
358	390799.539170413	390799.417228714	392632.174238175	392632.052810754	0.1720883394717
359	390800.931526532	390803.502231517	392632.75836081	392634.086391262	2.8934735182173
360	390827.031936616	390826.794337593	392632.816522644	392633.156294192	0.4146058368401
361	390799.417228714	390799.014986739	392632.052810754	392631.782705018	0.4845159587543
362	390803.502231517	390799.325381661	392634.086391262	392636.499453687	4.8237894841218
363	390826.794337593	390826.444391276	392633.156294192	392633.746876595	0.6864765110713
364	390799.014986739	390793.991342789	392631.782705018	392631.329417631	5.0440527354499
365	390826.444391276	390825.346982755	392633.746876595	392635.674915635	2.2184769549021
366	390825.346982755	390824.3905246	392635.674915635	392640.769760951	5.1838461590766
367	390862.614382365	390866.535702091	392554.414463747	392545.781640941	9.4816864533647
368	390862.614382365	390864.621485619	392554.414463747	392555.292255027	2.1906576640986
369	390847.786925305	390850.596067629	392566.742961421	392561.31711465	6.1099176566076
370	390850.596067629	390853.154336773	392561.31711465	392556.347873761	5.5891051187261
371	390853.154336773	390854.90820489	392556.347873761	392553.139923014	3.6560909955277
372	390854.90820489	390856.883552664	392553.139923014	392552.199450671	2.1878041629193
373	390856.883552664	390859.560871766	392552.199450671	392552.956589869	2.7823186983714
374	390859.560871766	390862.614382364	392552.956589869	392554.414463746	3.3836848573055
375	390866.535702091	390866.862062611	392545.781640941	392540.298378152	5.4929665938394
376	390864.621485619	390866.813255591	392555.292255027	392556.270122292	2.4000166665865
377	390866.813255591	390872.628576922	392556.270122292	392558.77239782	6.3308249856562
378	390872.628576922	390879.502539278	392558.77239782	392561.778502863	7.5025346384246
379	390872.628576922	390874.181493023	392558.77239782	392555.146144025	3.9447769266576
380	390879.502539278	390886.644612832	392561.778502863	392564.770276643	7.7433794300588
381	390874.181493023	390874.336481673	392555.146144025	392554.753310067	0.4223032084152
382	390886.644612832	390889.652879683	392564.770276643	392566.009597243	3.2535496000486
383	390886.644612832	390890.323661567	392564.770276643	392556.177187535	9.3475440625322
384	390874.336481673	390874.386711868	392554.753310067	392554.600098033	0.1612358521541
385	390889.652879683	390893.736061731	392566.009597243	392567.704620949	4.4210271431463
386	390890.323661567	390890.779289647	392556.177187535	392555.008971779	1.253923841442
387	390874.386711868	390874.421036053	392554.600098033	392554.433029633	0.1705579080609
388	390893.736061731	390898.516032952	392567.704620949	392569.690475961	5.1760742846271
389	390890.779289647	390891.011579259	392555.008971779	392554.392518589	0.6587662711693
390	390874.421036053	390874.435327871	392554.433029633	392554.292204408	0.1415485781276
391	390898.516032951	390899.602062397	392569.690475962	392570.4898706	1.3485146437309
392	390899.602062397	390900.877649908	392570.4898706	392571.562852991	1.6668577348565
393	390900.877649908	390901.801904867	392571.562852991	392572.566132356	1.3641175584320
394	390901.801904867	390902.339586994	392572.566132356	392573.775431953	1.3234453464273
395	390902.339586994	390902.165792002	392573.775431953	392575.209083335	1.4441471479202
396	390902.165792002	390901.136770836	392575.209083335	392577.019066662	2.0820480796726
397	390891.011579259	390887.714468868	392554.392518589	392552.629853542	3.7387063270378
398	390891.011579259	390891.107500723	392554.392518589	392554.170823689	0.2415565268848
399	390874.435327871	390874.441195267	392554.292204408	392554.124676579	0.1676305460644
400	390901.136770836	390900.477671793	392577.019066662	392578.414618686	1.5433654785856
401	390901.136770836	390906.407408009	392577.019066662	392579.720605443	5.9226622393778
402	390887.714468868	390886.633777539	392552.629853542	392549.789389099	3.0391005249528
403	390874.441195267	390874.429595829	392554.124676579	392553.961610785	0.1634778273535
404	390900.477671793	390899.46545244	392578.414618686	392580.286387097	2.1279344444256
405	390906.407408009	390910.812580508	392579.720605443	392581.979582481	4.9506082454516
406	390874.429595829	390874.389203924	392553.961610785	392553.740519188	0.2247509734936
407	390899.46545244	390897.251624605	392580.286387097	392585.029912296	5.2346981765905
408	390910.812580508	390912.673541644	392581.979582481	392578.897074467	3.6006988210114
409	390910.812580508	390910.926642104	392581.979582481	392582.082928038	0.1539167045343
410	390891.107500724	390891.280566777	392554.170823687	392554.108424035	0.1839716695624
411	390874.389203924	390874.322284213	392553.740519188	392553.438666986	0.3091811764982
412	390840.632934921	390838.968651352	392639.37409911	392644.106072294	5.0161150312006
413	390897.251624605	390895.05220945	392585.029912296	392588.658170139	4.2428389081037
414	390912.673541644	390916.038911747	392578.897074467	392577.837145664	3.5283374274356
415	390910.926642104	390911.000236749	392582.082928038	392582.218648742	0.1543900296908
416	390891.280566777	390891.456677586	392554.108424035	392554.11158358	0.1761391496730
417	390874.322284213	390874.250902467	392553.438666986	392553.119347951	0.3272002443820
418	390838.968651352	390834.648366194	392644.106072294	392645.74737944	4.6215530938048
419	390895.05220945	390893.52377537	392588.658170139	392591.599998527	3.3151870233241
420	390911.000236749	390911.065437132	392582.218648742	392582.351563422	0.1480452704541
421	390891.456677586	390891.583294526	392554.11158358	392554.143989609	0.1306981254397
422	390874.250902467	390874.222755056	392553.119347951	392552.903830612	0.2173476479593
423	390893.52377537	390892.510109685	392591.599998527	392594.419616033	2.9962912075519
424	390911.065437132	390911.095411541	392582.351563422	392582.523666893	0.1746942183020
425	390891.583294526	390891.783424067	392554.143989609	392554.226604176	0.2165109697930
426	390874.222755056	390874.211773606	392552.903830612	392552.682897573	0.2212057865140
427	390892.510109685	390892.518196352	392594.419616033	392594.625004946	0.2055480478905
428	390892.510109685	390891.669841178	392594.419616033	392597.093791389	2.8030813403055
429	390891.783424067	390893.147427987	392554.226604176	392554.857443543	1.5028190175508
430	390874.211773606	390874.207787242	392552.682897573	392552.577199375	0.1057733425313
431	390892.518196352	390892.563369342	392594.625004946	392594.826080557	0.2060873601729
432	390893.147427987	390896.369198882	392554.857443543	392554.058062345	3.3194604984205
433	390874.207787242	390874.2124001	392552.577199375	392552.409018754	0.1682438706624
434	390892.563369342	390892.644864998	392594.826080557	392595.015813153	0.2064945519663
435	390911.095411541	390911.021264475	392582.523666893	392582.756091979	0.2439655877057
436	390874.2124001	390874.242103693	392552.409018754	392552.253893976	0.1579430275769
437	390892.644864998	390892.75779661	392595.015813153	392595.187194164	0.2052437574125
438	390911.021264475	390910.565214067	392582.756091979	392583.734406359	1.0793891793103
439	390874.242103693	390874.32236233	392552.253893976	392552.042973254	0.2256745444556
440	390892.75779661	390892.900926646	392595.187194164	392595.335379159	0.2060218437068
441	390910.565214067	390912.205644908	392583.734406359	392587.07327393	3.7200873645968
442	390874.32236233	390875.218878072	392552.042973254	392549.835974041	2.3821389550685
443	390892.900926646	390893.067925637	392595.335379159	392595.455792352	0.2058834620874
444	390875.218878072	390875.607072099	392549.835974041	392548.965860027	0.9527817165412
445	390893.067925637	390893.254401886	392595.455792352	392595.543362944	0.2060145627375
446	390875.607072099	390875.804282637	392548.965860027	392548.524053504	0.4838233151416
447	390893.254401886	390893.708600423	392595.543362944	392595.662010223	0.4694395466006
448	390875.804282637	390875.886631558	392548.524053504	392548.372482736	0.1724964997132
449	390893.708600423	390895.55301052	392595.662010223	392596.077047634	1.8905302580413
450	390875.886631558	390876.006906644	392548.372482736	392548.280926884	0.1511574359361
451	390895.55301052	390896.942066611	392596.077047634	392596.557186338	1.4696972478997
452	390896.942066611	390898.195511226	392596.557186338	392596.84180643	1.2853528695839
453	390898.195511226	390899.52269073	392596.84180643	392597.079723566	1.34833601174
454	390899.52269073	390901.721169366	392597.079723566	392597.76284046	2.3021635477352
455	390876.006906643	390876.126074971	392548.280926884	392548.21292911	0.1372034537499
456	390901.721169366	390902.254015401	392597.76284046	392597.949773879	0.5646848678242
457	390876.126074971	390876.238952531	392548.21292911	392548.203416508	0.1132776818821
458	390902.254015401	390902.841535686	392597.949773879	392598.15680024	0.6229285671678
459	390902.254015401	390904.359071537	392597.949773879	392595.596541281	3.1573667825681
460	390876.238952531	390877.475309275	392548.203416508	392548.16043973	1.2371034718677
461	390902.841535686	390903.813565524	392598.15680024	392598.475120824	1.0228245205770
462	390904.359071537	390906.132657574	392595.596541281	392593.590140879	2.6779189682635
463	390877.475309275	390872.14356234	392548.16043973	392545.814934108	5.8248538179561
464	390877.475309275	390880.661966291	392548.16043973	392547.479092491	3.2586833231465
465	390903.813565524	390903.987509669	392598.475120824	392598.578278153	0.2022325396117
466	390906.132657574	390910.536517837	392593.590140879	392592.660224334	4.5009698953877
467	390872.14356234	390870.625672705	392545.814934108	392542.25675479	3.8684142746010
468	390903.987509669	390904.11228812	392598.578278153	392598.695027192	0.1708800749227
469	390904.11228812	390904.147929034	392598.695027192	392598.834546815	0.1439999998922
470	390904.147929034	390904.154467245	392598.834546815	392599.021753257	0.1873205807602
471	390904.154467245	390904.077820398	392599.021753257	392599.351999015	0.3390235981323
472	390904.077820398	390903.852131528	392599.351999015	392599.894745304	0.5878001360759
473	390903.852131528	390906.229377424	392599.894745304	392604.081631492	4.8146977059895
474	390832.847761678	390830.755013599	392540.297136757	392535.053804667	5.6455403580763
475	390854.677960295	390856.901507473	392545.707708476	392541.485045459	4.7723207144055
476	390817.089337641	390819.014374704	392545.887408158	392546.794236316	2.1279344445857
477	390818.064373298	390820.075503899	392539.894355641	392535.370654092	4.9506082454516
478	390836.933898434	390837.826093386	392541.443835277	392541.333725885	0.8989637981483
479	390837.826093386	390839.164210117	392541.333725885	392540.914768002	1.4021704933047
480	390839.164210117	390842.397763853	392540.914768002	392538.720733427	3.9076409103264
481	390819.014374704	390823.873403393	392546.794236316	392548.741517805	5.2346981763978
482	390820.075503899	390816.89450931	392535.370654092	392533.683554385	3.6006988208662
483	390820.075503899	390820.179852868	392535.370654092	392535.224499802	0.1795822482202
484	390823.873403393	390827.618082513	392548.741517805	392550.736276007	4.2428389081279
485	390816.89450931	390815.649525494	392533.683554385	392530.382163723	3.5283374273329
486	390820.179852868	390820.320709894	392535.224499802	392535.10873751	0.1823228180656
487	390827.618082513	390830.640167831	392550.736276007	392552.099164606	3.3151870233681
488	390820.320709894	390820.489796377	392535.10873751	392535.07356663	0.1727056151462
489	390830.640167831	390833.511674713	392552.099164606	392552.954856856	2.9962912074697
490	390820.489796377	390820.684282167	392535.07356663	392535.073585797	0.1944857912153
491	390833.511674713	390836.228344541	392552.954856856	392553.645487038	2.8030813402766
492	390836.228344541	390839.213058277	392553.645487038	392554.384722395	3.0748959332872
493	390839.213058277	390841.759466127	392554.384722395	392554.788277919	2.5781873477219
494	390820.684282166	390820.839241399	392535.073585797	392535.119216164	0.1615379032554
495	390841.759466127	390844.476224901	392554.788277919	392555.336272229	2.7714754193835
496	390820.839241399	390821.841347833	392535.119216164	392535.520294329	1.0793891792965
497	390844.476224901	390846.7151769	392555.336272229	392555.742454391	2.2754977476415
498	390821.841347833	390825.084074594	392535.520294329	392533.697172514	3.7200873645808
499	390846.7151769	390849.15420275	392555.742454391	392555.882089272	2.4430196479715
500	390849.15420275	390849.718365265	392555.882089272	392551.106047955	4.8092463027225
501	390849.15420275	390853.154336773	392555.882089272	392556.347873762	4.0271612073616
502	390849.718365265	390849.842770135	392551.106047955	392550.413529776	0.7036035815535
503	390849.842770135	390849.939569781	392550.413529776	392548.43366745	1.9822272826298
504	390849.939569781	390850.246597911	392548.43366745	392546.126381875	2.3276238958764
505	390850.246597911	390850.386596317	392546.126381875	392545.858864686	0.3019354234510
506	390850.386596317	390850.594764328	392545.858864686	392545.541528777	0.3795207503660
507	390850.386596317	390849.580033636	392545.858864686	392545.608957419	0.8443914968742
508	390850.594764328	390850.909438793	392545.541528777	392545.385628228	0.3511765938973
509	390849.580033636	390847.69049099	392545.608957419	392545.03067324	1.9760526310695
510	390833.511674713	390836.065019367	392552.954856856	392544.535720857	8.7978076755914
511	390850.909438793	390851.418695612	392545.385628228	392545.224962451	0.5339999998960
512	390847.69049099	390847.115038403	392545.03067324	392540.378237822	4.6878887571056
513	390836.065019367	390836.669989393	392544.535720857	392542.432026563	2.1889537259467
514	390836.065019367	390834.519292106	392544.535720857	392542.562455354	2.5066011868252
515	390851.418695612	390852.093427524	392545.224962451	392545.236488409	0.6748303490804
516	390836.669989393	390836.933898434	392542.432026563	392541.443835277	1.0228245207336
517	390834.519292106	390832.847761678	392542.562455354	392540.297136757	2.8152588362983
518	390852.093427524	390854.677960295	392545.236488409	392545.707708476	2.6271387477108
519	390815.659372317	390817.089337641	392545.306739431	392545.887408158	1.5433654783929
520	390815.659372317	390818.064373298	392545.306739431	392539.894355641	5.9226622391739
521	390882.318712534	390872.468348586	392607.230747464	392605.36313613	10.025848692070
522	390872.027410068	390871.875975061	392606.791946203	392606.835183211	0.1574865073432
523	390883.411935219	390881.625354653	392613.447000529	392621.556145359	8.3036196927094
524	390868.432214679	390866.741080389	392625.848250044	392625.496030209	1.7274240937905
525	390872.468348586	390870.54311234	392605.36313613	392604.998375391	1.9594859020686
526	390871.875975061	390871.691413736	392606.835183211	392606.830810903	0.1846131089608
527	390891.669841178	390887.172652106	392597.09379139	392595.710624955	4.7050886209807
528	390872.468348586	390872.237138404	392605.36313613	392606.471808693	1.1325250548359
529	390866.741080389	390863.804563409	392625.496030209	392621.081305979	5.3021620119888
530	390887.172652106	390875.656594838	392595.710624955	392593.417052636	11.742233560922
531	390881.625354653	390878.472682526	392621.556145359	392620.777231074	3.2474680908548
532	390871.691413736	390871.41244385	392606.830810903	392606.780048685	0.2835507009041
533	390887.172652106	390886.19020673	392595.710624955	392600.902944868	5.2844474640775
534	390881.625354653	390880.894619028	392621.556145359	392624.906136429	3.4287628554790
535	390870.54311234	390866.479608865	392604.998375391	392602.164537444	4.9540587399406
536	390872.237138404	390872.182152214	392606.471808693	392606.622146709	0.1600781059708
537	390871.41244385	390870.395786331	392606.780048685	392606.572528829	1.0376208364095
538	390875.656594838	390872.959402122	392593.417052636	392593.413786229	2.6971946934709
539	390886.19020673	390884.683755147	392600.902944868	392607.75486428	7.0155681165652
540	390878.472682526	390868.036249319	392620.777231074	392618.760663965	10.629472282239
541	390880.894619028	390880.28355804	392624.906136429	392627.398085692	2.5657760347720
542	390872.182152214	390872.108530785	392606.622146709	392606.728193327	0.1290968628120
543	390870.395786331	390865.480781513	392606.572528829	392607.732512293	5.050033069226
544	390872.959402122	390869.050287988	392593.413786229	392596.295425637	4.8564409800120
545	390884.683755147	390884.129506555	392607.75486428	392610.281238728	2.5864569112760
546	390868.036249319	390864.803390761	392618.760663965	392615.51333113	4.5821987078717
547	390884.683755147	390882.318712534	392607.75486428	392607.230747464	2.4224213094220
548	390880.28355804	390879.970422458	392627.398085692	392628.739189382	1.3771757333645
549	390872.108530785	390872.027410068	392606.728193327	392606.791946203	0.1031746093109
550	390884.129506555	390883.411935219	392610.281238728	392613.447000529	3.2460678364397
551	390879.970422458	390868.432214679	392628.739189382	392625.848250044	11.894863135069
552	390841.596268601	390841.896753644	392611.266531792	392611.264974589	0.3004890778330
553	390831.861348991	390833.365286343	392622.366779227	392623.001113873	1.6322401786529
554	390841.896753644	390842.154689551	392611.264974589	392611.230053377	0.2602891143172
555	390833.365286343	390833.719510768	392623.001113873	392623.187401437	0.4002224379737
556	390842.154689551	390842.399549555	392611.230053377	392611.141325876	0.2604399954217
557	390833.719510768	390833.940084841	392623.187401437	392623.351337639	0.2748235799184
558	390842.399549555	390842.681484177	392611.141325876	392611.015172487	0.3088718314260
559	390833.940084841	390834.228825173	392623.351337639	392623.599857297	0.3809632529553
560	390842.681484177	390842.879126406	392611.015172487	392610.898806688	0.2293544201445
561	390834.228825173	390834.854372572	392623.599857297	392624.251601459	0.9033714627830
562	390846.428876115	390846.522498642	392611.444742187	392611.586949185	0.1702586492460
563	390842.879126406	390843.137744785	392610.898806688	392610.822101886	0.2697537631691
564	390834.854372572	390835.342632484	392624.251601459	392624.734475415	0.6867059050185
565	390843.137744785	390843.297354158	392610.822101886	392610.766228385	0.1691064753163
566	390846.522498642	390846.515363157	392611.586949185	392611.807402635	0.2205688985665
567	390835.342632484	390835.713659243	392624.734475415	392625.042248294	0.4820632739205
568	390843.297354158	390843.57278388	392610.766228385	392610.692171188	0.2852122016002
569	390835.713659243	390836.122884728	392625.042248294	392625.338152843	0.5049999999152
570	390846.515363157	390846.268334869	392611.807402635	392612.414959296	0.6558567460797
571	390843.57278388	390843.847527832	392610.692171188	392610.636128699	0.2804014979625
572	390836.122884728	390836.483043318	392625.338152843	392625.54353977	0.4146058368863
573	390836.989136924	390840.233204028	392609.488384764	392610.75540194	3.4827150185219
574	390836.989136924	390836.705635176	392609.488384764	392610.264449684	0.8262263612528
575	390843.847527832	390844.094740791	392610.636128699	392610.612993039	0.2482931850347
576	390846.268334869	390848.299518851	392612.414959296	392616.566229539	4.6215530939465
577	390836.483043318	390837.103271578	392625.54353977	392625.837762315	0.6864765109078
578	390844.094740791	390844.286618487	392610.612993039	392610.633596574	0.1929807141749
579	390837.103271578	390839.123956758	392625.837762315	392626.753443156	2.2184769549255
580	390840.233204028	390840.92882314	392610.75540194	392611.032073976	0.7486209751728
581	390836.705635176	390835.291785185	392610.264449684	392613.950960935	3.9483334458372
582	390844.286618487	390844.517597926	392610.633596574	392610.693282864	0.2385664572161
583	390839.123956758	390844.285115716	392626.753443156	392627.237900799	5.1838461590515
584	390844.517597926	390844.889619395	392610.693282864	392610.826946464	0.3953048582411
585	390840.92882314	390841.324858852	392611.032073976	392611.181944478	0.4234447455846
586	390835.291785185	390843.809024634	392613.950960935	392617.340461217	9.1669013303859
587	390835.291785185	390833.599196495	392613.950960935	392618.273832726	4.6424214587884
588	390844.889619395	390845.263731916	392610.826946464	392610.920990671	0.3857518518607
589	390845.263731916	390845.749837211	392610.920990671	392611.120063139	0.5252886876606
590	390845.749837211	390846.269279997	392611.120063139	392611.36646318	0.5749206796431
591	390841.324858852	390841.596268601	392611.181944478	392611.266531792	0.2842855357622
592	390843.809024634	390846.621447255	392617.340461217	392621.276226962	4.8373518582492
593	390846.269279997	390846.428876115	392611.36646318	392611.444742186	0.1777597360011
594	390833.599196495	390831.861348991	392618.273832726	392622.366779227	4.4466082579678
595	390825.737725242	390829.54888861	392626.423473907	392628.463634976	4.3228721241404
596	390830.382168691	390829.548888611	392628.845919034	392628.463634976	0.9167861215025
597	390774.703225808	390770.868524554	392597.207831299	392595.873981824	4.0600601139963
598	390770.868524554	390769.93090146	392595.873981824	392595.690588979	0.9553899735812
599	390769.930901461	390769.153031473	392595.69058898	392595.681193104	0.7779267318705
600	390769.153031473	390768.287123484	392595.681193104	392595.698523811	0.8660814048778
601	390768.287123484	390767.800043037	392595.698523811	392595.700148058	0.4870831550562
602	390767.800043037	390767.343536314	392595.700148058	392595.669057669	0.4575642031400
603	390765.368887149	390765.596171041	392593.536171185	392593.040435335	0.5453549304473
604	390767.343536312	390766.553798531	392595.669057668	392595.158481272	0.9404116227308
605	390765.596171041	390764.178162873	392593.040435335	392594.33893248	1.9227173478449
606	390766.553798531	390766.022743269	392595.158481272	392594.677123495	0.7167461195595
607	390765.596171041	390765.421689726	392593.040435335	392587.459505908	5.5836562395668
608	390766.022743269	390765.681203047	392594.677123495	392594.313005002	0.4992314092128
609	390764.178162873	390762.568678836	392594.33893248	392595.723557388	2.1231168128349
610	390765.681203047	390765.481235	392594.313005002	392594.02481621	0.3507705803146
611	390762.568678836	390757.380456983	392595.723557388	392593.233462609	5.7548430037083
612	390765.481235	390765.368887149	392594.02481621	392593.536171186	0.5013940554010
613	390783.09865359	390783.193539472	392547.36038576	392547.252674713	0.1435444182661
614	390783.552468322	390783.896509238	392547.190288171	392547.322499546	0.3685702103546
615	390778.411611296	390782.788240171	392557.420188319	392548.121794657	10.276916123317
616	390783.193539472	390783.313276901	392547.252674713	392547.196880914	0.1320984480415
617	390783.896509238	390784.231597901	392547.322499546	392547.482726222	0.3714256319233
618	390782.788240171	390783.006761877	392548.121794657	392547.586739273	0.5779584758079
619	390782.788240171	390779.464564038	392548.121794657	392545.76817405	4.0726346508543
620	390783.313276901	390783.430454983	392547.196880914	392547.185958595	0.1176860230961
621	390784.231597901	390787.314859311	392547.482726222	392543.634271915	4.9312373176887
622	390783.006761877	390783.09865359	392547.586739273	392547.36038576	0.2442949037466
623	390783.430454983	390783.552468322	392547.185958595	392547.190288171	0.1220901305695
624	390779.464564038	390782.415151165	392545.76817405	392541.236545619	5.4075521845677
625	390886.886036407	390888.673800254	392622.708485481	392614.723518457	8.1826522568133
626	390889.197583463	390889.169049035	392638.77570678	392638.93715862	0.1639539873449
627	390896.60885112	390898.895552147	392612.340395139	392612.774942506	2.3276238958915
628	390892.49540962	390892.5653481	392623.86085452	392623.466976545	0.4000390605098
629	390892.49540962	390894.252804512	392623.86085452	392624.278433788	1.8063247908797
630	390898.895552147	390899.154891281	392612.774942506	392612.929565315	0.3019354235016
631	390889.169049035	390889.259096593	392638.93715862	392639.168749691	0.2484813614215
632	390892.5653481	390892.601344073	392623.466976545	392623.290292392	0.1803136156133
633	390899.154891281	390899.460190853	392612.929565315	392613.155016355	0.3795207503035
634	390894.252804512	390897.80078379	392624.278433788	392626.788805881	4.3462771427234
635	390899.154891281	390899.449156172	392612.929565315	392612.138107689	0.8443914970614
636	390889.259096593	390889.449318811	392639.168749691	392639.307232268	0.2352911307711
637	390892.601344073	390892.724202771	392623.290292392	392623.143937549	0.1910863679296
638	390899.460190853	390899.598395415	392613.155016355	392613.477854549	0.3511765939227
639	390889.449318811	390889.752765098	392639.307232268	392639.379259532	0.3118775014698
640	390899.449156172	390900.13136846	392612.138107689	392610.283553728	1.9760526308483
641	390892.724202771	390892.876389434	392623.143937549	392623.044121619	0.1819999999135
642	390889.752765098	390890.515567443	392639.379259532	392639.554436017	0.7826584310007
643	390892.876389434	390892.967534193	392623.044121619	392622.984341749	0.1090000000448
644	390899.598395415	390899.730563805	392613.477854549	392613.995239818	0.5340000000568
645	390890.515567443	390893.250890105	392639.554436017	392641.731980492	3.4962394081944
646	390900.13136846	390904.808562075	392610.283553728	392609.967071677	4.6878887572966
647	390892.967534193	390893.175644533	392622.984341749	392622.935147378	0.2138457388183
648	390893.175644533	390894.246081434	392622.935147378	392623.104882	1.0838104076242
649	390894.246081434	390898.11559845	392623.104882	392621.79872655	4.0840181194412
650	390899.730563805	390899.681626206	392613.995239818	392614.66829339	0.6748303490129
651	390899.681626206	390899.067759999	392614.66829339	392617.222706489	2.6271387476130
652	390899.067759999	390903.160574128	392617.222706489	392619.677073517	4.7723207143271
653	390891.669841178	390891.261991215	392597.09379139	392601.300277696	4.2262120901441
654	390888.132746274	390887.483723958	392649.129805424	392649.812700346	0.9421122228255
655	390887.483723958	390887.224821976	392649.812700346	392650.033553548	0.3403033549517
656	390887.224821976	390887.060233945	392650.033553548	392650.004447658	0.1671417748850
657	390891.261991215	390890.717800263	392601.300277696	392603.820378132	2.5781873478046
658	390887.060233945	390886.891344131	392650.004447658	392649.905647439	0.1956661758347
659	390886.891344131	390886.371056137	392649.905647439	392649.399082035	0.7261598342554
660	390886.371056137	390879.542088124	392649.399082035	392643.113775791	9.2811571861875
661	390879.542088124	390879.273001105	392643.113775791	392642.750913315	0.4517488239138
662	390890.717800263	390890.019943061	392603.820378132	392606.502554734	2.7714754192367
663	390879.273001105	390879.066787975	392642.750913315	392642.436505705	0.3760000000303
664	390879.066787975	390878.930642517	392642.436505705	392642.13593722	0.3299651498189
665	390878.930642517	390878.890862748	392642.13593722	392641.892950451	0.2462214448303
666	390878.890862748	390878.954381762	392641.892950451	392641.670708837	0.2311406499750
667	390890.019943061	390889.490185007	392606.502554734	392608.715527035	2.2754977478045
668	390878.954381762	390878.983993081	392641.670708837	392641.531697435	0.1421302219886
669	390878.983993081	390879.16875971	392641.531697435	392641.229932141	0.3538375331347
670	390879.16875971	390881.147466428	392641.229932141	392639.156002364	2.8664376847656
671	390881.147466428	390883.547734109	392639.156002364	392636.641741625	3.4760310699749
672	390889.490185007	390889.21546511	392608.715527035	392611.143051284	2.4430196479079
673	390883.547734109	390883.701379419	392636.641741625	392636.458451913	0.2391693961219
674	390883.701379419	390883.826587083	392636.458451913	392636.220863948	0.2685609801343
675	390883.826587083	390883.900271302	392636.220863948	392635.78984813	0.4372687959324
676	390889.21546511	390893.95285645	392611.143051284	392611.971286331	4.8092463027746
677	390883.900271302	390884.062823711	392635.78984813	392635.011137841	0.7954954431723
678	390889.21546511	390888.673800254	392611.143051284	392614.723518458	3.6212078095108
679	390884.062823711	390889.535932011	392635.011137841	392637.227538422	5.9048578305906
680	390884.062823711	390886.283906676	392635.011137841	392625.293101853	9.9686224223293
681	390889.535932011	390891.050853761	392637.227538422	392637.81969726	1.6265423450165
682	390893.95285645	390894.637407173	392611.971286331	392612.133915686	0.7036035814383
683	390889.535932011	390889.197583463	392637.227538422	392638.775706778	1.5847097526762
684	390886.283906676	390886.886036407	392625.293101853	392622.708485481	2.6538278015016
685	390891.050853761	390894.401895217	392637.81969726	392636.193461986	3.7247979812346
686	390894.637407173	390896.60885112	392612.133915686	392612.340395139	1.9822272824481
687	390886.886036407	390892.49540962	392622.708485481	392623.86085452	5.7265192088083
688	390761.750010202	390761.384921761	392523.503132627	392526.224142445	2.7453932323949
689	390755.079210729	390754.732057339	392517.530078184	392518.157125649	0.7167314700068
690	390719.720466278	390720.272885912	392489.388521175	392489.798560866	0.6879680225728
691	390736.302196175	390737.860973601	392489.001672858	392490.546622675	2.1946883606934
692	390725.21116313	390724.976157127	392483.72517004	392483.901011384	0.2935097953581
693	390773.819669717	390771.572850684	392520.833910794	392525.693359757	5.3537314088499
694	390754.732057339	390754.471114608	392518.157125649	392518.557696355	0.4780669409589
695	390720.272885912	390721.679241116	392489.798560866	392492.335222065	2.9004284165343
696	390737.860973601	390741.158324907	392490.546622675	392493.815668156	4.6431868365325
697	390737.860973601	390730.363810925	392490.546622675	392497.575673594	10.276916123221
698	390724.976157127	390724.796667698	392483.901011384	392483.986548188	0.1988290723634
699	390771.572850684	390770.910639319	392525.693359757	392527.117145243	1.5702512539038
700	390754.471114608	390754.000447853	392518.557696355	392519.116850901	0.7308768705230
701	390741.158324907	390745.93283622	392493.815668156	392498.451454037	6.6548079612131
702	390730.363810925	390729.963376506	392497.575673594	392497.992432848	0.5779584759632
703	390770.910639319	390767.087430564	392527.117145243	392530.637915587	5.1973790510616
704	390730.363810925	390732.585278822	392497.575673594	392500.989093197	4.0726346508318
705	390754.000447853	390753.376993576	392519.116850901	392519.810647877	0.9327644282465
706	390724.796667698	390724.511027935	392483.986548188	392484.084619214	0.3020066222699
707	390753.376993576	390752.797071469	392519.810647877	392520.346323393	0.7894668511717
708	390745.93283622	390749.007086724	392498.451454037	392501.105206066	4.0612086869759
709	390729.963376506	390729.794488195	392497.992432848	392498.168945562	0.2442949037398
710	390732.585278822	390730.947999144	392500.989093197	392503.016519955	2.6059823484515
711	390752.797071469	390752.634282022	392520.346323393	392520.486783718	0.2150104811050
712	390724.511027935	390724.064587066	392484.084619214	392484.188347469	0.4583328486998
713	390752.634282022	390752.504735978	392520.486783718	392520.526156753	0.1353972425172
714	390752.634282022	390753.053698927	392520.486783718	392520.807206033	0.5278077300872
715	390749.007086724	390749.516516109	392501.105206066	392501.584382132	0.6993768655509
716	390729.794488195	390729.666568954	392498.168945562	392498.234073649	0.1435444182709
717	390724.064587066	390723.754009734	392484.188347469	392484.28465282	0.3251661113651
718	390752.504735978	390752.356517256	392520.526156753	392520.489673214	0.1526428458558
719	390753.053698927	390753.645206877	392520.807206033	392521.174900669	0.6964775660763
720	390749.516516109	390750.890748448	392501.584382132	392502.875664626	1.8857160443648
721	390749.516516109	390746.02803829	392501.584382132	392504.780984001	4.7315685559958
722	390752.356517256	390752.217878223	392520.489673214	392520.378944121	0.1774308694206
723	390729.666568954	390729.534695429	392498.234073649	392498.241779061	0.1320984480850
724	390753.645206877	390756.097915064	392521.174900669	392522.709961433	2.8934735181860
725	390723.754009734	390723.560784597	392484.28465282	392484.39427967	0.2221576017333
726	390752.217878223	390751.815449789	392520.378944121	392520.044848457	0.5230378156939
727	390750.890748448	390751.950037445	392502.875664626	392503.772719151	1.3880922160851
728	390756.097915064	390755.541158971	392522.709961433	392523.805374896	1.2287831379014
729	390746.02803829	390743.933956338	392504.780984001	392506.633711929	2.7960293275474
730	390729.534695429	390729.421748282	392498.241779061	392498.208719386	0.1176860229111
731	390723.560784597	390723.41728462	392484.39427967	392484.495397209	0.1755477142894
732	390751.815449789	390746.84614178	392520.044848457	392519.179720775	5.0440527354864
733	390751.950037445	390753.435196578	392503.772719151	392504.941530234	1.8899251306193
734	390743.933956338	390742.354305803	392506.633711929	392508.187024901	2.2154180190690
735	390729.421748282	390729.309931167	392498.208719386	392498.159699668	0.1220901306854
736	390723.41728462	390722.994022716	392484.495397209	392484.866430038	0.5628641044851
737	390753.435196578	390754.525188384	392504.941530234	392505.716448206	1.3373780318613
738	390742.354305803	390741.702295868	392508.187024901	392508.829579992	0.9154201223953
739	390729.309931167	390729.03889457	392498.159699668	392497.909933451	0.3685702103691
740	390722.994022716	390719.670001157	392484.866430038	392487.977433201	4.5527420308861
741	390765.562105968	390773.649951557	392550.249020017	392534.090089106	18.069983244489
742	390754.525188384	390757.682465919	392505.716448206	392507.721444109	3.7401082871804
743	390741.702295868	390741.54105327	392508.829579992	392508.971778151	0.2149871892944
744	390773.649951557	390779.245896355	392534.090089106	392525.015513699	10.661262448571
745	390741.702295868	390744.146943471	392508.829579992	392511.724467225	3.7890201900123
746	390729.03889457	390728.786510569	392497.909933451	392497.637427825	0.3714256317626
747	390719.670001157	390719.508369149	392487.977433201	392488.136414627	0.2267156809655
748	390779.245896355	390779.625963608	392525.015513699	392524.09635382	0.9946386279079
749	390757.682465919	390759.991252023	392507.721444109	392509.137041765	2.7082115869770
750	390741.54105327	390741.339328413	392508.971778151	392509.070270372	0.2244852687282
751	390744.146943471	390742.211762765	392511.724467225	392513.83907183	2.8664397779000
752	390779.625963608	390779.849344748	392524.09635382	392523.406833794	0.7248013519648
753	390728.786510569	390725.316117334	392497.637427825	392497.605244017	3.4705424648731
754	390719.508369149	390719.417268606	392488.136414627	392488.290364915	0.1788854381564
755	390759.991252023	390760.503357336	392509.137041765	392509.450994227	0.6006812799637
756	390779.849344748	390779.976760176	392523.406833794	392522.794841711	0.6251151894936
757	390759.991252023	390757.480038195	392509.137041765	392512.052963936	3.8482199781555
758	390741.339328413	390741.195612782	392509.070270372	392509.087573942	0.1447535699990
759	390719.417268606	390719.373218124	392488.290364915	392488.487746664	0.2022374841497
760	390760.503357336	390760.626658821	392509.450994227	392509.521879655	0.1422251735304
761	390779.976760176	390780.030825231	392522.794841711	392520.875306619	1.9202963311955
762	390757.480038195	390757.184032887	392512.052963936	392512.439022037	0.4864771317847
763	390741.195612782	390741.052911708	392509.087573942	392509.057921652	0.1457492878081
764	390719.373218124	390719.360505265	392488.487746664	392488.667297168	0.1799999999490
765	390760.626658821	390763.971547061	392509.521879655	392511.439908764	3.8557895430259
766	390780.030825231	390779.759951051	392520.875306619	392519.488856411	1.4126630880177
767	390757.184032887	390756.988290524	392512.439022037	392512.739948818	0.3589874651170
768	390741.052911708	390740.908243261	392509.057921652	392508.975833373	0.1663353396316
769	390719.360505265	390719.375951815	392488.667297168	392488.873904051	0.2071834936310
770	390763.971547061	390766.333775382	392511.439908764	392512.752022462	2.7021778254281
771	390779.759951051	390779.66657032	392519.488856411	392519.267189907	0.2405327420187
772	390756.988290524	390756.837656394	392512.739948818	392513.055096972	0.3492978670724
773	390740.908243261	390740.737504709	392508.975833373	392508.835721954	0.2208684290096
774	390719.375951815	390719.457295452	392488.873904051	392489.070139146	0.2124264579018
775	390766.333775382	390771.168762059	392512.752022462	392515.188587633	5.4142354952740
776	390756.837656394	390755.656501827	392513.055096972	392516.116320075	3.2811907899836
777	390740.737504709	390740.434638898	392508.835721954	392508.553359412	0.4140728242620
778	390719.457295452	390719.602841128	392489.070139146	392489.279942522	0.2553448648345
779	390771.168762059	390773.640462953	392515.188587633	392516.382672382	2.7450216206561
780	390773.640462953	390775.516281035	392516.382672382	392517.288884696	2.0832460812522
781	390779.666570321	390779.463023626	392519.267189907	392519.123814483	0.2489734316857
782	390764.2220161	390769.89000658	392502.937868186	392494.667951263	10.025848692260
783	390768.752108561	390768.780013439	392493.7412263	392493.534044642	0.2090524382194
784	390773.64046295	390774.477610591	392516.382672384	392515.372370026	1.3120697489717
785	390774.477610591	390774.632711945	392515.372370026	392514.240386639	1.1425597663837
786	390755.868803902	390751.068658026	392502.638961847	392498.657455581	6.2364888019563
787	390752.752787296	390753.754803927	392482.741259173	392481.334149841	1.7274240940254
788	390779.463023626	390778.341748242	392519.123814483	392518.585677306	1.2437242889430
789	390769.89000658	390770.997566675	392494.667951263	392493.051505892	1.9594859019893
790	390768.780013439	390768.858171823	392493.534044642	392493.366792535	0.1846131091486
791	390774.632711945	390774.363994977	392514.240386639	392513.789703624	0.5247132440990
792	390774.363994977	390772.334712264	392513.789703624	392512.593467674	2.3556249229201
793	390769.89000658	390769.312341542	392494.667951263	392494.262819976	0.7055694551030
794	390753.754803927	390758.977368573	392481.334149841	392480.418868179	5.3021620118008
795	390772.334712264	390779.548427274	392512.593467674	392502.387325246	12.498120958784
796	390751.068658026	390753.362346233	392498.657455581	392493.973118587	5.2157471819777
797	390768.858171823	390769.016743189	392493.366792535	392493.131726328	0.2835507009174
798	390772.334712264	390768.588590977	392512.593467674	392510.450149308	4.3159284422459
799	390751.068658026	390749.251498569	392498.657455581	392497.191049069	2.3350410170571
800	390770.997566675	390775.225271615	392493.051505892	392490.469024732	4.9540587399347
801	390769.312341542	390769.014085082	392494.262819976	392494.04854006	0.3672503213417
802	390769.016743189	390769.615256666	392493.131726328	392492.284118743	1.0376208364980
803	390779.548427274	390780.801356775	392502.387325246	392500.556759032	2.2182887548941
804	390768.588590977	390762.74177787	392510.450149308	392507.258928409	6.6610145117981
805	390753.362346233	390759.402215965	392493.973118587	392485.226367497	10.629472282206
806	390749.251498569	390746.627566882	392497.191049069	392494.797135921	3.5518780470035
807	390769.014085082	390768.86150177	392494.04854006	392493.915053207	0.2027323527070
808	390769.615256666	390770.527811609	392492.284118743	392487.317220568	5.0500330691642
809	390780.801356775	390783.639033606	392500.556759032	392496.965840041	4.5768011755220
810	390762.74177787	390760.004771364	392507.258928409	392505.465277508	3.2723673651364
811	390759.402215965	390763.674828579	392485.226367497	392483.570672343	4.5821987078997
812	390762.74177787	390764.2220161	392507.258928409	392502.937868186	4.5675668214349
813	390746.627566882	390744.464861684	392494.797135921	392492.953564212	2.8418392668546
814	390768.86150177	390768.752108561	392493.915053207	392493.7412263	0.2053841954638
815	390760.004771364	390755.868803902	392505.465277508	392502.638961847	5.0094198324407
816	390744.464861684	390752.752787296	392492.953564212	392482.741259173	13.152219780574
817	390766.333775382	390761.750010202	392512.752022461	392523.503132627	11.687483605306
818	390728.331939243	390732.107646541	392480.879474791	392484.726749073	5.3904995129941
819	390755.656501827	390755.079210729	392516.116320075	392517.530078184	1.5270812028069
820	390728.331939243	390725.626391835	392480.879474791	392483.38264103	3.6858958205187
821	390740.434638898	390735.582378159	392508.553359412	392508.357168899	4.8562253861135
822	390719.602841128	390719.720466278	392489.279942522	392489.388521175	0.1600781059346
823	390732.107646541	390736.302196175	392484.726749073	392489.001672858	5.9890917507772
824	390775.516281035	390773.819669717	392517.288884696	392520.833910794	3.9301017799787
825	390725.626391835	390725.21116313	392483.38264103	392483.72517004	0.5382759514276
826	390775.516281035	390778.341748241	392517.288884696	392518.585677304	3.1088480182268