260	390907.82458	390913.72184	393216.09497	393221.29568	7.862892
0	390851.10802	390850.99040	393280.27704	393280.33332	0.130384
1	390850.99040	390850.86668	393280.33332	393280.34857	0.124663
2	390850.86668	390850.73302	393280.34857	393280.36261	0.134391
3	390850.73302	390850.61389	393280.36261	393280.34820	0.120000
4	390850.61389	390850.48624	393280.34820	393280.31260	0.132517
5	390850.48624	390850.36508	393280.31260	393280.24046	0.141012
6	390850.36508	390850.26329	393280.24046	393280.13496	0.146597
7	390850.26329	390849.56186	393280.13496	393279.41102	1.008016
8	390849.56186	390845.85557	393279.41102	393279.73108	3.720087
9	390851.10802	390853.30745	393280.27704	393283.12792	3.600698
10	390853.30745	390853.07680	393283.12792	393286.64872	3.528337
11	390870.84233	390868.61513	393285.48458	393283.11283	3.253549
12	390868.61513	390865.59743	393283.11283	393279.88189	4.421027
13	390865.59743	390862.06542	393279.88189	393276.09816	5.176074
14	390862.06542	390860.24483	393276.09816	393274.09520	2.706730
15	390860.24483	390859.45730	393274.09520	393273.39676	1.052626
16	390859.45730	390858.53672	393273.39676	393273.62646	0.948808
17	390858.53672	390857.79769	393273.62646	393274.14027	0.900089
18	390857.79769	390854.80886	393274.14027	393276.98884	4.128859
19	390854.80886	390851.10802	393276.98884	393280.27704	4.950608
20	390862.57697	390862.47730	393293.12998	393293.26320	0.166381
21	390862.47730	390862.35684	393293.26320	393293.33974	0.142714
22	390862.35684	390862.17414	393293.33974	393293.28871	0.189698
23	390862.17414	390862.03828	393293.28871	393293.19186	0.166838
24	390862.03828	390861.91449	393293.19186	393293.04567	0.191566
25	390861.91449	390861.70174	393293.04567	393292.80765	0.319244
26	390861.70174	390861.37730	393292.80765	393292.44818	0.484228
27	390861.37730	390860.82418	393292.44818	393291.82394	0.834034
28	390860.82418	390857.56004	393291.82394	393291.22043	3.319460
29	390862.57697	390864.85091	393293.12998	393296.09766	3.738706
30	390864.85091	390864.66114	393296.09766	393299.13083	3.039100
31	390870.84233	390863.94094	393285.48458	393291.78913	9.347544
32	390863.94094	390863.04326	393291.78913	393292.66462	1.253923
33	390863.04326	390862.57697	393292.66462	393293.12998	0.658766
34	390872.32777	390869.14438	393304.39902	393303.70254	3.258683
35	390875.82937	390871.28275	393251.86675	393246.80120	6.806720
36	390871.28275	390868.97710	393246.80120	393244.27242	3.422103
37	390868.97710	390868.84723	393244.27242	393244.16110	0.171049
38	390868.84723	390868.73314	393244.16110	393244.03314	0.171434
39	390868.73314	390868.63282	393244.03314	393243.93429	0.140839
40	390868.63282	390868.58694	393243.93429	393243.80678	0.135509
41	390868.58694	390868.59028	393243.80678	393243.66066	0.146166
42	390868.59028	390868.62397	393243.66066	393243.51471	0.149786
43	390868.62397	390868.70048	393243.51471	393243.36494	0.168184
44	390868.70048	390868.84077	393243.36494	393243.22273	0.199762
45	390868.84077	390869.08370	393243.22273	393243.08896	0.277327
46	390869.08370	390869.43948	393243.08896	393242.89014	0.407556
47	390869.43948	390870.29946	393242.89014	393239.32523	3.667170
48	390881.12679	390876.10959	393296.73863	393291.16048	7.502534
49	390876.10959	390870.84233	393291.16048	393285.48458	7.743379
50	390881.12679	390878.21409	393296.73863	393299.39898	3.944776
51	390878.21409	390877.91061	393299.39898	393299.69264	0.422303
52	390877.91061	390877.80155	393299.69264	393299.81140	0.161235
53	390877.80155	390877.70125	393299.81140	393299.94935	0.170557
54	390877.70125	390877.63004	393299.94935	393300.07168	0.141548
55	390877.63004	390877.55547	393300.07168	393300.22181	0.167630
56	390877.55547	390877.49864	393300.22181	393300.37509	0.163477
57	390877.49864	390877.44405	393300.37509	393300.59311	0.224750
58	390877.44405	390877.38025	393300.59311	393300.89564	0.309181
59	390877.38025	390877.31328	393300.89564	393301.21591	0.327200
60	390877.31328	390877.24985	393301.21591	393301.42380	0.217347
61	390877.24985	390877.16855	393301.42380	393301.62952	0.221205
62	390877.16855	390877.12849	393301.62952	393301.72742	0.105773
63	390877.12849	390877.05479	393301.72742	393301.87866	0.168243
64	390877.05479	390876.96364	393301.87866	393302.00764	0.157943
65	390876.96364	390876.80339	393302.00764	393302.16654	0.225674
66	390876.80339	390875.07494	393302.16654	393303.80576	2.382138
67	390875.07494	390874.36186	393303.80576	393304.43767	0.952781
68	390874.36186	390874.13572	393304.43767	393304.64261	0.305176
69	390874.13572	390873.97133	393304.64261	393304.75275	0.197884
70	390873.97133	390873.88107	393304.75275	393304.81116	0.107502
71	390873.88107	390873.78578	393304.81116	393304.86633	0.110113
72	390873.78578	390873.65366	393304.86633	393304.88082	0.132908
73	390873.65366	390873.49288	393304.88082	393304.84715	0.164271
74	390873.49288	390873.25712	393304.84715	393304.77828	0.245609
75	390873.25712	390873.02296	393304.77828	393304.69449	0.248702
76	390873.02296	390872.32777	393304.69449	393304.39902	0.755376
77	390872.32777	390876.21361	393304.39902	393308.73828	5.824853
78	390876.21361	390876.12535	393308.73828	393312.60569	3.868414
79	390880.75142	390874.56089	393247.36113	393240.64600	9.133216
80	390874.56089	390872.56367	393240.64600	393237.63015	3.617213
81	390879.97392	390874.23127	393263.46159	393257.46784	8.300788
82	390874.23127	390873.84885	393257.46784	393255.39802	2.104854
83	390873.84885	390874.30640	393255.39802	393253.81998	1.643026
84	390874.30640	390874.93465	393253.81998	393252.68567	1.296668
85	390874.93465	390875.82937	393252.68567	393251.86675	1.212918
86	390880.75142	390875.82937	393247.36113	393251.86675	6.672866
87	390878.74321	390881.22582	393315.94437	393311.08613	5.455815
88	390881.22582	390886.80517	393311.08613	393306.72866	7.079313
89	390886.80517	390887.67547	393306.72866	393305.85630	1.232248
90	390887.67547	390888.35946	393305.85630	393305.16515	0.972385
91	390888.35946	390888.44564	393305.16515	393304.72431	0.449188
92	390888.44564	390888.12241	393304.72431	393304.40215	0.456364
93	390888.12241	390886.97992	393304.40215	393303.21673	1.646354
94	390886.97992	390885.38819	393303.21673	393301.42049	2.400016
95	390885.38819	390881.12679	393301.42049	393296.73863	6.330824
96	390883.55690	390882.14063	393234.73182	393233.20578	2.081980
97	390882.14063	390879.49861	393233.20578	393231.55507	3.115295
98	390887.01412	390882.13999	393280.76020	393275.43878	7.216282
99	390882.13999	390879.73816	393275.43878	393272.94387	3.463143
100	390879.73816	390876.19542	393272.94387	393269.38799	5.019493
101	390876.19542	390875.58146	393269.38799	393267.92489	1.586691
102	390875.58146	390876.57735	393267.92489	393266.42666	1.799025
103	390876.57735	390879.97392	393266.42666	393263.46159	4.508693
104	390879.73816	390886.23764	393272.94387	393266.52729	9.133216
105	390886.23764	390889.18342	393266.52729	393264.42810	3.617213
106	390879.97392	390882.42237	393263.46159	393261.07080	3.422103
107	390882.42237	390882.53357	393261.07080	393260.95335	0.161735
108	390882.53357	390882.64365	393260.95335	393260.84327	0.155685
109	390882.64365	390882.73840	393260.84327	393260.76034	0.125907
110	390882.73840	390882.85055	393260.76034	393260.68603	0.134530
111	390882.85055	390882.96189	393260.68603	393260.66542	0.113232
112	390882.96189	390883.12168	393260.66542	393260.68184	0.160631
113	390883.12168	390883.26818	393260.68184	393260.75189	0.162391
114	390883.26818	390883.39753	393260.75189	393260.87953	0.181721
115	390883.39753	390883.47043	393260.87953	393260.99792	0.139037
116	390883.47043	390883.81965	393260.99792	393261.48563	0.599840
117	390883.81965	390887.41188	393261.48563	393262.22318	3.667170
118	390888.81203	390883.32702	393240.35676	393245.04604	7.216282
119	390883.32702	390880.75142	393245.04604	393247.36113	3.463143
120	390881.12679	390892.64504	393296.73863	393286.76162	15.23846
121	390883.55690	390884.30543	393234.73182	393234.09989	0.979604
122	390884.30543	390884.38317	393234.09989	393233.98781	0.136400
123	390884.38317	390884.46276	393233.98781	393233.86286	0.148141
124	390884.46276	390884.49497	393233.86286	393233.73717	0.129757
125	390884.49497	390884.48646	393233.73717	393233.59956	0.137873
126	390884.48646	390884.42440	393233.59956	393233.41283	0.196773
127	390884.42440	390884.28909	393233.41283	393233.21557	0.239207
128	390884.28909	390883.30718	393233.21557	393232.10455	1.482733
129	390883.30718	390883.17951	393232.10455	393227.03279	5.073372
130	390888.81203	390888.35140	393240.35676	393239.89957	0.649006
131	390888.35140	390886.09306	393239.89957	393237.43517	3.342651
132	390886.09306	390885.28458	393237.43517	393236.59358	1.167014
133	390885.28458	390883.55690	393236.59358	393234.73182	2.539888
134	390898.80350	390895.92618	393231.69930	393228.56502	4.254725
135	390895.92618	390895.69868	393228.56502	393228.35552	0.309273
136	390895.69868	390895.48922	393228.35552	393228.21024	0.254911
137	390895.48922	390895.15899	393228.21024	393228.06174	0.362082
138	390895.15899	390893.63708	393228.06174	393227.48836	1.626328
139	390893.63708	390893.35578	393227.48836	393227.35094	0.313081
140	390893.35578	390893.16058	393227.35094	393227.22589	0.231812
141	390893.16058	390892.94349	393227.22589	393227.07042	0.267016
142	390892.94349	390892.74792	393227.07042	393226.89178	0.264881
143	390892.74792	390891.16676	393226.89178	393225.18444	2.327034
144	390891.16676	390886.71812	393225.18444	393223.50033	4.756743
145	390892.64504	390891.46357	393286.76162	393285.46498	1.754179
146	390891.46357	390890.89199	393285.46498	393284.89470	0.807418
147	390890.89199	390887.28021	393284.89470	393281.05074	5.274556
148	390887.28021	390887.01412	393281.05074	393280.76020	0.393974
149	390887.01412	390887.45529	393280.76020	393280.28420	0.649006
150	390887.45529	390889.84101	393280.28420	393277.94290	3.342651
151	390889.84101	390890.65446	393277.94290	393277.10611	1.167014
152	390890.65446	390892.45604	393277.10611	393275.31577	2.539888
153	390895.00253	390893.66624	393234.93440	393236.07083	1.754179
154	390893.66624	390893.07674	393236.07083	393236.62257	0.807418
155	390893.07674	390889.11150	393236.62257	393240.10077	5.274556
156	390889.11150	390888.81203	393240.10077	393240.35676	0.393974
157	390901.04345	390897.93382	393351.34974	393351.89672	3.157366
158	390897.93382	390895.29918	393351.89672	393352.37620	2.677918
159	390895.29918	390891.26365	393352.37620	393350.38289	4.500969
160	390901.87283	390898.71748	393229.02784	393225.73336	4.561776
161	390898.71748	390898.27253	393225.73336	393225.28651	0.630600
162	390898.27253	390898.09879	393225.28651	393225.05443	0.289913
163	390898.09879	390897.97419	393225.05443	393224.73343	0.344326
164	390897.97419	390897.87961	393224.73343	393224.21066	0.531262
165	390897.87961	390897.79502	393224.21066	393223.74488	0.473393
166	390897.79502	390897.65503	393223.74488	393223.40450	0.368046
167	390897.65503	390897.44481	393223.40450	393222.99745	0.458132
168	390897.44481	390897.16767	393222.99745	393222.61311	0.473837
169	390897.16767	390896.81818	393222.61311	393222.17694	0.558916
170	390896.81818	390896.61616	393222.17694	393221.93069	0.318512
171	390896.61616	390895.67552	393221.93069	393220.84178	1.438934
172	390895.67552	390895.43839	393220.84178	393220.63037	0.317685
173	390895.43839	390895.23824	393220.63037	393220.47415	0.253902
174	390895.23824	390895.07917	393220.47415	393220.36411	0.193417
175	390895.07917	390894.95410	393220.36411	393220.29158	0.144580
176	390894.95410	390894.76866	393220.29158	393220.29586	0.185491
177	390894.76866	390894.61104	393220.29586	393220.45063	0.220899
178	390894.61104	390894.44006	393220.45063	393220.66593	0.274934
179	390894.44006	390894.26242	393220.66593	393220.86798	0.269039
180	390894.26242	390892.09410	393220.86798	393221.24227	2.200384
181	390892.45604	390893.11320	393275.31577	393276.04224	0.979604
182	390893.11320	390893.22787	393276.04224	393276.11610	0.136400
183	390893.22787	390893.35547	393276.11610	393276.19137	0.148141
184	390893.35547	390893.48219	393276.19137	393276.21926	0.129757
185	390893.48219	390893.61943	393276.21926	393276.20606	0.137873
186	390893.61943	390893.80393	393276.20606	393276.13764	0.196773
187	390893.80393	390893.99645	393276.13764	393275.99567	0.239207
188	390893.99645	390895.07323	393275.99567	393274.97633	1.482733
189	390895.07323	390900.13766	393274.97633	393274.67527	5.073372
190	390892.45604	390893.93275	393275.31577	393273.84812	2.081980
191	390893.93275	390895.49213	393273.84812	393271.15120	3.115295
192	390896.00825	390895.27916	393290.44972	393289.65405	1.079196
193	390895.27916	390892.64504	393289.65405	393286.76162	3.912125
194	390898.80350	390897.98335	393231.69930	393232.40074	1.079196
195	390897.98335	390895.00253	393232.40074	393234.93440	3.912125
196	390896.00825	390898.17944	393290.44972	393292.81791	3.212847
197	390898.17944	390898.78312	393292.81791	393293.42589	0.856782
198	390898.78312	390901.96775	393293.42589	393290.15971	4.561776
199	390901.96775	390902.39913	393290.15971	393289.69974	0.630600
200	390902.39913	390902.62513	393289.69974	393289.51816	0.289913
201	390902.62513	390902.94167	393289.51816	393289.38265	0.344326
202	390902.94167	390903.46091	393289.38265	393289.27025	0.531262
203	390903.46091	390903.92352	393289.27025	393289.16978	0.473393
204	390903.92352	390904.25891	393289.16978	393289.01823	0.368046
205	390904.25891	390904.65854	393289.01823	393288.79421	0.458132
206	390904.65854	390905.03318	393288.79421	393288.50409	0.473837
207	390905.03318	390905.45713	393288.50409	393288.13988	0.558916
208	390905.45713	390905.69633	393288.13988	393287.92956	0.318512
209	390905.69633	390906.33930	393287.92956	393287.36537	0.855403
210	390906.33930	390906.68245	393287.36537	393287.01480	0.490567
211	390906.68245	390907.03467	393287.01480	393286.64972	0.507287
212	390907.03467	390907.22071	393286.64972	393286.35769	0.346247
213	390907.22071	390907.29468	393286.35769	393286.22185	0.154676
214	390907.29468	390907.30869	393286.22185	393286.09184	0.130767
215	390907.30869	390907.24235	393286.09184	393285.94080	0.164967
216	390907.24235	390907.09941	393285.94080	393285.83357	0.178689
217	390907.09941	390906.67791	393285.83357	393285.54085	0.513166
218	390906.67791	390906.22968	393285.54085	393283.38660	2.200384
219	390896.00825	390899.04229	393290.44972	393287.46689	4.254725
220	390899.04229	390899.24388	393287.46689	393287.23235	0.309273
221	390899.24388	390899.38192	393287.23235	393287.01805	0.254911
222	390899.38192	390899.51903	393287.01805	393286.68293	0.362082
223	390899.51903	390900.04002	393286.68293	393285.14231	1.626328
224	390900.04002	390900.16774	393285.14231	393284.85646	0.313081
225	390900.16774	390900.28604	393284.85646	393284.65711	0.231812
226	390900.28604	390900.43399	393284.65711	393284.43483	0.267016
227	390900.43399	390900.60584	393284.43483	393284.23326	0.264881
228	390900.60584	390902.25811	393284.23326	393282.59463	2.327034
229	390902.25811	390903.78907	393282.59463	393278.09100	4.756743
230	390901.87283	390901.24456	393229.02784	393229.61037	0.856782
231	390901.24456	390898.80350	393229.61037	393231.69930	3.212847
232	390901.04345	390901.34651	393351.34974	393351.82621	0.564684
233	390901.34651	390902.65142	393351.82621	393353.72283	2.302163
234	390902.65142	390903.54709	393353.72283	393354.73069	1.348336
235	390903.54709	390904.35593	393354.73069	393355.72965	1.285352
236	390904.35593	390905.15039	393355.72965	393356.96611	1.469697
237	390905.15039	390906.12817	393356.96611	393358.43053	1.760851
238	390906.12817	390907.13911	393358.43053	393359.11369	1.220123
239	390907.13911	390908.15884	393359.11369	393358.58218	1.149932
240	390908.15884	390909.62473	393358.58218	393357.80700	1.658233
241	390909.62473	390911.35852	393357.80700	393356.81868	1.995696
242	390911.35852	390913.34491	393356.81868	393355.17512	2.578187
243	390913.34491	390915.55230	393355.17512	393353.49926	2.771475
244	390915.55230	390917.33738	393353.49926	393352.08810	2.275497
245	390901.04345	390900.70986	393351.34974	393350.82366	0.622928
246	390900.70986	390900.14299	393350.82366	393349.97230	1.022824
247	390900.14299	390900.07012	393349.97230	393349.78365	0.202232
248	390900.07012	390900.04429	393349.78365	393349.61473	0.170880
249	390900.04429	390900.10258	393349.61473	393349.48306	0.143999
250	390900.10258	390900.21324	393349.48306	393349.33192	0.187320
251	390900.21324	390900.47774	393349.33192	393349.11984	0.339023
252	390900.47774	390900.99078	393349.11984	393348.83297	0.587800
253	390900.99078	390901.71265	393348.83297	393344.07270	4.814697
254	390913.72184	390909.02755	393221.29568	393223.91170	5.374011
255	390909.02755	390905.48191	393223.91170	393226.29380	4.271525
256	390905.48191	390901.87283	393226.29380	393229.02784	4.527735
257	390912.34992	390911.62915	393342.79886	393343.23873	0.844391
258	390911.62915	390909.94598	393343.23873	393344.27396	1.976052
259	390909.94598	390906.07512	393344.27396	393341.62958	4.687888
261	390919.05478	390915.84468	393350.35060	393346.76952	4.809246
262	390915.84468	390915.40739	393346.76952	393346.21831	0.703603
263	390915.40739	390913.98604	393346.21831	393344.83664	1.982227
264	390913.98604	390912.45806	393344.83664	393343.08077	2.327623
265	390912.45806	390912.34992	393343.08077	393342.79886	0.301935
266	390912.34992	390912.24949	393342.79886	393342.43287	0.379520
267	390912.24949	390912.34058	393342.43287	393342.09371	0.351176
268	390912.34058	390912.55676	393342.09371	393341.60543	0.534000
269	390912.55676	390913.01153	393341.60543	393341.10685	0.674830
270	390913.01153	390915.07389	393341.10685	393339.47942	2.627138
271	390915.07389	390913.37610	393339.47942	393335.01931	4.772320
272	390918.75016	390913.72184	393225.73008	393221.29568	6.704313
273	390917.33738	390923.53541	393352.08810	393358.73080	9.085210
274	390923.53541	390927.82531	393358.73080	393360.56158	4.664230
275	390917.33738	390919.05478	393352.08810	393350.35060	2.443019
276	390923.68589	390922.23928	393231.20488	393229.63184	2.137091
277	390922.23928	390920.55604	393229.63184	393227.80361	2.485093
278	390920.55604	390918.75016	393227.80361	393225.73008	2.749682
279	390918.75016	390927.73496	393225.73008	393217.93514	11.89486
280	390927.73496	390928.99327	393217.93514	393216.75165	1.727424
281	390928.99327	390934.29394	393216.75165	393216.87745	5.302162
282	390919.05478	390921.69507	393350.35060	393347.87229	3.621207
283	390921.69507	390924.81155	393347.87229	393344.81740	4.364034
284	390933.23883	390931.06884	393241.62460	393239.14211	3.297212
285	390931.06884	390926.88646	393239.14211	393234.73899	6.072872
286	390926.88646	390923.68589	393234.73899	393231.20488	4.767972
287	390923.68589	390926.13186	393231.20488	393229.06871	3.247468
288	390926.13186	390933.76854	393229.06871	393221.67500	10.62947
289	390933.76854	390938.28275	393221.67500	393220.88860	4.582198
290	390924.81155	390925.66429	393344.81740	393346.75917	2.120763
291	390925.66429	390927.21479	393346.75917	393348.56728	2.381872
292	390927.21479	390931.02390	393348.56728	393352.32935	5.353731
293	390931.02390	390932.13862	393352.32935	393353.43528	1.570251
294	390932.13862	390934.15367	393353.43528	393358.22614	5.197379
295	390924.81155	390929.79488	393344.81740	393340.09993	6.862082
296	390929.79488	390931.75784	393340.09993	393338.11900	2.788778
297	390931.75784	390933.55080	393338.11900	393336.59695	2.351882
298	390933.55080	390935.40701	393336.59695	393335.13692	2.361605
299	390935.40701	390937.93855	393335.13692	393333.03440	3.290786
300	390941.67888	390937.98843	393250.57020	393246.78788	5.284447
301	390937.98843	390933.23883	393246.78788	393241.62460	7.015568
302	390933.23883	390935.02441	393241.62460	393239.98758	2.422421
303	390935.02441	390942.20298	393239.98758	393232.98860	10.02584
304	390933.71942	390936.56348	393291.70080	393294.79740	4.204472
305	390936.56348	390936.89124	393294.79740	393295.11169	0.454093
306	390936.89124	390937.26110	393295.11169	393295.34859	0.439232
307	390937.26110	390937.58163	393295.34859	393295.49245	0.351336
308	390937.58163	390937.85435	393295.49245	393295.55535	0.279873
309	390937.85435	390938.43926	393295.55535	393295.64469	0.591692
310	390938.43926	390938.89227	393295.64469	393295.75380	0.465972
311	390938.89227	390939.19278	393295.75380	393295.87285	0.323224
312	390939.19278	390939.45980	393295.87285	393296.05362	0.322453
313	390939.45980	390939.78652	393296.05362	393296.39389	0.471729
314	390939.78652	390940.97609	393296.39389	393297.71025	1.774233
315	390940.97609	390941.16208	393297.71025	393297.91123	0.273833
316	390941.16208	390941.32621	393297.91123	393298.14886	0.288798
317	390941.32621	390941.37053	393298.14886	393298.31042	0.167531
318	390936.01798	390929.05226	393331.01043	393323.99959	9.882970
319	390929.05226	390923.58965	393323.99959	393317.50855	8.483734
320	390923.58965	390922.76656	393317.50855	393312.78392	4.795789
321	390922.76656	390924.68209	393312.78392	393306.58005	6.492867
322	390924.68209	390933.71942	393306.58005	393291.70080	17.40876
323	390945.93248	390943.27353	393280.85709	393283.24120	3.571272
324	390943.27353	390936.17065	393283.24120	393289.50658	9.471322
325	390936.17065	390933.71942	393289.50658	393291.70080	3.289854
326	390936.01798	390937.93855	393331.01043	393333.03440	2.790164
327	390936.01798	390938.71798	393331.01043	393328.30643	3.821206
328	390938.71798	390938.94098	393328.30643	393328.06443	0.329079
329	390938.94098	390939.11498	393328.06443	393327.79243	0.322893
330	390939.11498	390939.21198	393327.79243	393327.55043	0.260716
331	390939.21198	390939.26998	393327.55043	393327.16343	0.391322
332	390939.26998	390939.31098	393327.16343	393326.69343	0.471784
333	390939.31098	390939.38798	393326.69343	393326.34543	0.356416
334	390939.38798	390939.55298	393326.34543	393325.96743	0.412442
335	390939.55298	390939.78598	393325.96743	393325.65743	0.387800
336	390939.78598	390940.07598	393325.65743	393325.35743	0.417252
337	390940.07598	390940.53198	393325.35743	393324.91143	0.637849
338	390940.53198	390941.24588	393324.91143	393324.22038	0.993586
339	390941.24588	390941.56449	393324.22038	393323.89066	0.458507
340	390941.56449	390941.79079	393323.89066	393323.67835	0.310297
341	390941.79079	390941.89606	393323.67835	393323.56063	0.157927
342	390941.89606	390942.06934	393323.56063	393323.50417	0.182250
343	390942.06934	390942.23907	393323.50417	393323.56191	0.179282
344	390942.23907	390942.38363	393323.56191	393323.70486	0.203294
345	390942.38363	390942.56253	393323.70486	393323.93929	0.294902
346	390942.56253	390942.83698	393323.93929	393324.24743	0.412639
347	390942.83698	390946.14198	393324.24743	393323.49243	3.390140
348	390937.93855	390940.95898	393333.03440	393336.21743	4.388019
349	390940.95898	390944.66598	393336.21743	393340.06143	5.340242
350	390944.66598	390947.15698	393340.06143	393342.62743	3.576232
351	390941.37053	390941.36519	393298.31042	393298.46384	0.153511
352	390941.36519	390941.22630	393298.46384	393298.63391	0.219579
353	390941.22630	390941.13180	393298.63391	393298.79183	0.184031
354	390941.13180	390940.99133	393298.79183	393299.01223	0.261367
355	390940.99133	390941.09940	393299.01223	393299.26064	0.270898
356	390941.09940	390942.27469	393299.26064	393300.71229	1.867777
357	390941.37053	390942.08146	393298.31042	393297.79830	0.876184
358	390942.08146	390942.40808	393297.79830	393297.56310	0.402483
359	390942.40808	390942.93230	393297.56310	393297.12812	0.681191
360	390942.93230	390943.89668	393297.12812	393296.24528	1.307452
361	390943.89668	390947.50943	393296.24528	393294.91596	3.849549
362	390956.80085	390955.30140	393256.84468	393257.92227	1.846502
363	390955.30140	390953.39807	393257.92227	393258.75825	2.078827
364	390953.39807	390951.55452	393258.75825	393258.99484	1.858673
365	390951.55452	390949.22074	393258.99484	393258.17165	2.474704
366	390949.22074	390946.98112	393258.17165	393256.04222	3.090364
367	390946.98112	390944.97198	393256.04222	393254.09046	2.801075
368	390944.97198	390943.62245	393254.09046	393252.53729	2.057568
369	390943.62245	390941.67888	393252.53729	393250.57020	2.765294
370	390941.67888	390950.16159	393250.57020	393242.45086	11.74223
371	390950.16159	390951.74892	393242.45086	393240.90129	2.218288
372	390951.74892	390955.23522	393240.90129	393237.93601	4.576801
373	390942.20298	390941.42728	393232.98860	393232.16343	1.132525
374	390941.42728	390941.33565	393232.16343	393232.03217	0.160078
375	390941.33565	390941.29099	393232.03217	393231.91105	0.129096
376	390941.29099	390941.28527	393231.91105	393231.80803	0.103174
377	390941.28527	390941.33669	393231.80803	393231.65918	0.157486
378	390941.33669	390941.44610	393231.65918	393231.51048	0.184613
379	390941.44610	390941.64766	393231.51048	393231.31104	0.283550
380	390941.64766	390942.40066	393231.31104	393230.59714	1.037620
381	390942.40066	390944.26877	393230.59714	393225.90534	5.050033
382	390942.20298	390943.60581	393232.98860	393231.62051	1.959485
383	390943.60581	390948.25758	393231.62051	393229.91650	4.954058
384	390945.93248	390949.47458	393280.85709	393284.56994	5.131445
385	390949.47458	390949.67315	393284.56994	393284.81104	0.312334
386	390949.67315	390949.88889	393284.81104	393284.99777	0.285329
387	390949.88889	390949.99162	393284.99777	393285.05690	0.118532
388	390949.99162	390950.23468	393285.05690	393285.13563	0.255493
389	390950.23468	390950.86828	393285.13563	393285.28396	0.650730
390	390950.86828	390951.24515	393285.28396	393285.34500	0.381781
391	390951.24515	390951.48897	393285.34500	393285.45478	0.267402
392	390951.48897	390951.94377	393285.45478	393285.69507	0.514373
393	390951.94377	390952.15307	393285.69507	393285.84251	0.256019
394	390952.15307	390952.28000	393285.84251	393285.97266	0.181793
395	390952.28000	390953.68304	393285.97266	393287.50770	2.079628
396	390953.68304	390954.08804	393287.50770	393287.96817	0.613241
397	390954.08804	390954.15329	393287.96817	393288.08886	0.137200
398	390957.98343	390952.58398	393270.18907	393274.91901	7.178184
399	390952.58398	390948.59555	393274.91901	393278.47015	5.340242
400	390948.59555	390945.93248	393278.47015	393280.85709	3.576232
401	390947.15698	390949.64498	393342.62743	393345.18943	3.571272
402	390949.64498	390956.18798	393345.18943	393352.03743	9.471322
403	390956.18798	390958.01445	393352.03743	393353.95606	2.648992
404	390958.01445	390958.56748	393353.95606	393354.46457	0.751273
405	390958.56748	390959.15101	393354.46457	393354.63144	0.606921
406	390959.15101	390959.83630	393354.63144	393354.24231	0.788070
407	390959.83630	390961.45898	393354.24231	393351.41428	3.260490
408	390961.45898	390961.75998	393351.41428	393351.09443	0.439207
409	390961.75998	390961.98198	393351.09443	393350.71543	0.439232
410	390961.98198	390962.11298	393350.71543	393350.38943	0.351336
411	390962.11298	390962.16498	393350.38943	393350.11443	0.279873
412	390962.16498	390962.23098	393350.11443	393349.52643	0.591692
413	390962.23098	390962.32198	393349.52643	393349.06943	0.465972
414	390962.32198	390962.42898	393349.06943	393348.76443	0.323224
415	390962.42898	390962.59898	393348.76443	393348.49043	0.322453
416	390962.59898	390962.92598	393348.49043	393348.15043	0.471729
417	390962.92598	390964.19398	393348.15043	393346.90943	1.774233
418	390964.19398	390964.49998	393346.90943	393346.63043	0.414097
419	390964.49998	390964.65798	393346.63043	393346.52543	0.189707
420	390964.65798	390964.77798	393346.52543	393346.49143	0.124723
421	390947.15698	390950.72598	393342.62743	393338.94043	5.131445
422	390950.72598	390950.95898	393338.94043	393338.73243	0.312334
423	390950.95898	390951.13698	393338.73243	393338.50943	0.285329
424	390951.13698	390951.19198	393338.50943	393338.40443	0.118532
425	390951.19198	390951.26098	393338.40443	393338.15843	0.255493
426	390951.26098	390951.38398	393338.15843	393337.51943	0.650730
427	390951.38398	390951.42998	393337.51943	393337.14043	0.381781
428	390951.42998	390951.52998	393337.14043	393336.89243	0.267402
429	390951.52998	390951.75198	393336.89243	393336.42843	0.514373
430	390951.75198	390951.89098	393336.42843	393336.21343	0.256019
431	390951.89098	390952.01598	393336.21343	393336.08143	0.181793
432	390952.01598	390953.49398	393336.08143	393334.61843	2.079628
433	390953.49398	390953.93798	393334.61843	393334.19543	0.613241
434	390953.93798	390954.05598	393334.19543	393334.12543	0.137200
435	390954.05598	390951.84798	393334.12543	393331.46443	3.457771
436	390951.84798	390950.14198	393331.46443	393328.49243	3.426838
437	390954.15329	390954.16159	393288.08886	393288.20729	0.118713
438	390954.16159	390954.16305	393288.20729	393288.34646	0.139176
439	390954.16305	390954.14409	393288.34646	393288.47080	0.125781
440	390954.14409	390954.09143	393288.47080	393288.58680	0.127389
441	390954.09143	390954.03050	393288.58680	393288.70947	0.136970
442	390954.03050	390953.46102	393288.70947	393289.26325	0.794345
443	390953.46102	390951.62561	393289.26325	393292.07746	3.359837
444	390954.05598	390954.17398	393334.12543	393334.11243	0.118713
445	390954.17398	390954.31298	393334.11243	393334.10543	0.139176
446	390954.31298	390954.43798	393334.10543	393334.11943	0.125781
447	390954.43798	390954.55598	393334.11943	393334.16743	0.127389
448	390954.55598	390954.68098	393334.16743	393334.22343	0.136970
449	390954.68098	390955.25698	393334.22343	393334.77043	0.794345
450	390955.25698	390958.14198	393334.77043	393336.49243	3.359837
451	390954.15329	390956.90002	393288.08886	393285.98847	3.457771
452	390956.90002	390959.93754	393285.98847	393284.40206	3.426838
453	390966.34276	390964.52677	393263.56229	393265.13666	2.403425
454	390964.52677	390963.87229	393265.13666	393265.03126	0.662919
455	390963.87229	390963.30341	393265.03126	393264.62411	0.699567
456	390963.30341	390962.44774	393264.62411	393263.59575	1.337791
457	390962.44774	390956.80085	393263.59575	393256.84468	8.801384
458	390963.73003	390962.19936	393250.90678	393252.30232	2.071340
459	390962.19936	390960.75313	393252.30232	393253.42058	1.828142
460	390960.75313	390958.94683	393253.42058	393254.98688	2.390818
461	390958.94683	390956.80085	393254.98688	393256.84468	2.838416
462	390957.98343	390960.57788	393270.18907	393272.99450	3.821206
463	390960.57788	390960.81081	393272.99450	393273.22695	0.329079
464	390960.81081	390961.07567	393273.22695	393273.41164	0.322893
465	390961.07567	390961.31362	393273.41164	393273.51819	0.260716
466	390961.31362	390961.69801	393273.51819	393273.59154	0.391322
467	390961.69801	390962.16601	393273.59154	393273.65120	0.471784
468	390962.16601	390962.51067	393273.65120	393273.74199	0.356416
469	390962.51067	390962.88181	393273.74199	393273.92190	0.412442
470	390962.88181	390963.18229	393273.92190	393274.16704	0.387800
471	390963.18229	390963.47052	393274.16704	393274.46875	0.417252
472	390963.47052	390963.89802	393274.46875	393274.94213	0.637849
473	390963.89802	390964.83553	393274.94213	393275.82914	1.290620
474	390964.83553	390965.16092	393275.82914	393276.29535	0.568532
475	390965.16092	390965.23244	393276.29535	393276.40736	0.132899
476	390965.23244	390965.24157	393276.40736	393276.52856	0.121545
477	390965.24157	390965.20959	393276.52856	393276.64621	0.121916
478	390965.20959	390965.09854	393276.64621	393276.79221	0.183439
479	390965.09854	390964.85197	393276.79221	393276.98366	0.312169
480	390964.85197	390964.65795	393276.98366	393277.13034	0.243221
481	390964.65795	390964.46980	393277.13034	393277.27172	0.235351
482	390964.46980	390965.09272	393277.27172	393280.60414	3.390140
483	390957.98343	390959.88524	393270.18907	393268.52241	2.528761
484	390959.88524	390960.29065	393268.52241	393268.16826	0.538313
485	390960.29065	390961.12229	393268.16826	393267.43976	1.105588
486	390961.12229	390963.87229	393267.43976	393265.03126	3.655592
487	390963.73003	390957.98557	393250.90678	393244.97372	8.258329
488	390957.98557	390958.22683	393244.97372	393240.94438	4.036557
489	390964.77798	390964.23798	393346.49143	393345.80143	0.876184
490	390964.23798	390963.98998	393345.80143	393345.48443	0.402483
491	390963.98998	390963.53448	393345.48443	393344.97793	0.681191
492	390963.53448	390962.61398	393344.97793	393344.04943	1.307452
493	390962.61398	390961.14198	393344.04943	393340.49243	3.849549
494	390979.12860	390973.30516	393236.40073	393241.92149	8.024414
495	390973.30516	390969.25048	393241.92149	393245.73818	5.568439
496	390969.25048	390967.46924	393245.73818	393247.32481	2.385418
497	390967.46924	390965.72930	393247.32481	393249.02136	2.430158
498	390965.72930	390963.73003	393249.02136	393250.90678	2.748075
499	390964.77798	390964.91117	393346.49143	393346.47736	0.133933
500	390964.91117	390965.04663	393346.47736	393346.53770	0.148292
501	390965.04663	390965.16089	393346.53770	393346.64168	0.154495
502	390965.16089	390965.33016	393346.64168	393346.82477	0.249349
503	390965.33016	390965.62298	393346.82477	393347.12243	0.417541
504	390965.62298	390967.14198	393347.12243	393345.49243	2.228062
505	390966.34276	390970.23087	393263.56229	393268.03001	5.922662
506	390970.23087	390973.48014	393268.03001	393271.76508	4.950608
507	390978.89404	390976.49910	393252.08638	393254.28862	3.253549
508	390976.49910	390973.23674	393254.28862	393257.27232	4.421027
509	390973.23674	390969.41623	393257.27232	393260.76452	5.176074
510	390969.41623	390966.34276	393260.76452	393263.56229	4.156169
511	390969.25471	390973.20382	393230.97513	393232.01617	4.084018
512	390973.20382	390974.00378	393232.01617	393232.74740	1.083810
513	390974.00378	390974.20457	393232.74740	393232.82096	0.213845
514	390974.20457	390974.31357	393232.82096	393232.82127	0.108999
515	390974.31357	390974.49557	393232.82127	393232.82178	0.182000
516	390974.49557	390974.67872	393232.82178	393232.76729	0.191086
517	390974.67872	390974.80608	393232.76729	393232.63964	0.180313
518	390974.80608	390975.08139	393232.63964	393232.34941	0.400039
519	390975.08139	390973.84456	393232.34941	393231.03295	1.806324
520	390973.84456	390972.26587	393231.03295	393226.98353	4.346277
521	390973.48014	390973.53518	393271.76508	393271.88327	0.130384
522	390973.53518	390973.54913	393271.88327	393272.00715	0.124663
523	390973.54913	390973.56178	393272.00715	393272.14095	0.134391
524	390973.56178	390973.53100	393272.14095	393272.32038	0.182053
525	390973.53100	390973.46636	393272.32038	393272.45773	0.151795
526	390973.46636	390973.33801	393272.45773	393272.60366	0.194351
527	390973.33801	390973.18862	393272.60366	393272.73733	0.200455
528	390973.18862	390972.59797	393272.73733	393273.30208	0.817195
529	390972.59797	390975.78126	393273.30208	393276.44723	4.474962
530	390973.48014	390976.35390	393271.76508	393269.59562	3.600698
531	390976.35390	390981.08127	393269.59562	393269.46006	4.729316
532	390975.08139	390979.12860	393232.34941	393236.40073	5.726519
533	390978.89404	390985.12598	393252.08638	393259.05341	9.347544
534	390985.12598	390985.99202	393259.05341	393259.96021	1.253923
535	390985.99202	390986.45247	393259.96021	393260.43134	0.658766
536	390990.25517	390984.62479	393241.92033	393246.87884	7.502534
537	390984.62479	390978.89404	393246.87884	393252.08638	7.743379
538	390979.12860	390981.05470	393236.40073	393234.57510	2.653827
539	390981.05470	390988.45243	393234.57510	393227.96927	9.917829
540	390988.45243	390988.90460	393227.96927	393227.57462	0.600168
541	390988.90460	390989.06905	393227.57462	393227.04442	0.555116
542	390989.06905	390988.21031	393227.04442	393226.18987	1.211487
543	390988.21031	390984.91353	393226.18987	393222.82283	4.712285
544	390984.91353	390983.97524	393222.82283	393221.49420	1.626542
545	390983.97524	390980.28259	393221.49420	393221.00589	3.724797
546	390984.91353	390985.29792	393222.82283	393222.45762	0.530215
547	390985.29792	390985.76543	393222.45762	393222.04693	0.622274
548	390985.76543	390985.96193	393222.04693	393221.81782	0.301842
549	390985.96193	390986.12223	393221.81782	393221.50020	0.355777
550	390986.12223	390986.12291	393221.50020	393221.25920	0.240999
551	390986.12291	390986.05045	393221.25920	393221.06600	0.206344
552	390986.05045	390985.37747	393221.06600	393220.34112	0.989117
553	390985.37747	390984.29375	393220.34112	393217.01708	3.496239
554	390986.45247	390986.59986	393260.43134	393260.54196	0.184282
555	390986.59986	390986.67057	393260.54196	393260.72839	0.199391
556	390986.67057	390986.61879	393260.72839	393260.85084	0.132946
557	390986.61879	390986.48536	393260.85084	393261.03202	0.225010
558	390986.48536	390986.21659	393261.03202	393261.23059	0.334168
559	390986.21659	390985.91200	393261.23059	393261.50797	0.411962
560	390985.91200	390985.54596	393261.50797	393261.81059	0.474944
561	390985.54596	390985.12815	393261.81059	393262.17036	0.551356
562	390985.12815	390985.86091	393262.17036	393266.23413	4.129299
563	390986.45247	390989.44380	393260.43134	393258.18860	3.738706
564	390989.44380	390989.33092	393258.18860	393254.62133	3.569060
565	390990.25517	390992.88487	393241.92033	393244.86073	3.944776
566	390992.88487	390993.17535	393244.86073	393245.16727	0.422303
567	390993.17535	390993.29296	393245.16727	393245.27756	0.161235
568	390993.29296	390995.63751	393245.27756	393246.30034	2.557934
569	390995.63751	390997.25855	393246.30034	393248.04586	2.382138
570	390997.25855	390997.88295	393248.04586	393248.76552	0.952781
571	390997.88295	390998.10423	393248.76552	393249.00507	0.326107
572	390998.10423	390998.22352	393249.00507	393249.13985	0.179993
573	390998.22352	390998.31640	393249.13985	393249.25570	0.148480
574	390998.31640	390998.34045	393249.25570	393249.42688	0.172859
575	390998.34045	390998.32397	393249.42688	393249.53893	0.113262
576	390998.32397	390998.29459	393249.53893	393249.64425	0.109340
577	390998.29459	390998.25019	393249.64425	393249.82450	0.185632
578	390998.25019	390998.14554	393249.82450	393250.09379	0.288909
579	390998.14554	390997.82301	393250.09379	393250.79909	0.775551
580	390998.43825	390996.79421	393234.68756	393236.13536	2.190657
581	390996.79421	390994.98140	393236.13536	393237.70819	2.400016
582	390994.98140	390990.25517	393237.70819	393241.92033	6.330824
583	390997.82301	390997.09322	393250.79909	393253.97501	3.258683
584	390997.82301	391002.04150	393250.79909	393248.16810	4.971698
585	391002.04150	391004.29551	393248.16810	393250.79584	3.462027
586	390998.43825	391004.60376	393234.68756	393241.89095	9.481686
587	391004.60376	391010.07981	393241.89095	393243.29571	5.653353
588	391025.27559	391021.15474	393222.24295	393223.06232	4.201521
589	391021.15474	391014.46499	393223.06232	393224.90120	6.937880
590	391014.46499	391007.43946	393224.90120	393228.34069	7.822297
591	391007.43946	390998.43825	393228.34069	393234.68756	11.01383
592	391025.27559	391027.18197	393222.24295	393226.65822	4.809246
593	391027.18197	391027.42153	393226.65822	393227.31978	0.703603
594	391027.42153	391028.33040	393227.31978	393229.08137	1.982227
595	391028.33040	391029.22153	393229.08137	393231.23165	2.327623
596	391029.22153	391029.23452	393231.23165	393231.53331	0.301935
597	391040.27771	391037.58089	393216.93317	393217.69764	2.803081
598	391037.58089	391034.62778	393217.69764	393218.55444	3.074895
599	391034.62778	391032.22220	393218.55444	393219.48194	2.578187
600	391032.22220	391029.59681	393219.48194	393220.36986	2.771475
601	391029.59681	391027.45594	393220.36986	393221.14094	2.275497
602	391027.45594	391025.27559	393221.14094	393222.24295	2.443019
603	391029.23452	391029.21350	393231.53331	393231.91225	0.379520
604	391029.21350	391029.01940	393231.91225	393232.20490	0.351176
605	391029.01940	391028.65932	393232.20490	393232.59924	0.534000
606	391028.65932	391028.06974	393232.59924	393232.92755	0.674830
607	391028.06974	391025.59725	393232.92755	393233.81561	2.627138
608	391025.59725	391025.79042	393233.81561	393238.58402	4.772320
609	391026.62845	391027.07085	393159.70146	393156.92445	2.812028
610	391027.07085	391027.00797	393156.92445	393155.82404	1.102206
611	391027.00797	391026.87633	393155.82404	393155.36466	0.477859
612	391026.87633	391026.90281	393155.36466	393154.70633	0.658862
613	391026.90281	391026.95296	393154.70633	393154.33869	0.371052
614	391026.95296	391027.18334	393154.33869	393153.96125	0.442193
615	391027.18334	391027.62202	393153.96125	393153.58197	0.579909
616	391027.62202	391028.25775	393153.58197	393153.24710	0.718533
617	391028.25775	391029.22828	393153.24710	393152.93475	1.019553
618	391029.22828	391030.60303	393152.93475	393152.48681	1.445889
619	391030.60303	391035.17969	393152.48681	393151.75741	4.634412
620	391035.17969	391037.64598	393151.75741	393152.25250	2.515496
621	391037.64598	391039.02195	393152.25250	393153.23116	1.688505
622	391039.02195	391039.79936	393153.23116	393158.56531	5.390499
623	391039.79936	391040.66251	393158.56531	393164.49187	5.989091
624	391040.66251	391041.00906	393164.49187	393166.65903	2.194688
625	391030.80840	391030.23918	393167.90867	393168.00878	0.577958
626	391030.23918	391029.99866	393168.00878	393168.05159	0.244294
627	391029.99866	391029.85696	393168.05159	393168.02867	0.143544
628	391029.85696	391029.74596	393168.02867	393167.95706	0.132098
629	391029.74596	391029.67429	393167.95706	393167.86372	0.117686
630	391029.67429	391029.61295	393167.86372	393167.75815	0.122090
631	391029.61295	391029.54156	393167.75815	393167.39656	0.368570
632	391029.54156	391029.49865	393167.39656	393167.02762	0.371425
633	391029.49865	391026.71610	393167.02762	393164.95348	3.470542
634	391030.80840	391030.58718	393167.90867	393171.97529	4.072634
635	391030.58718	391028.06890	393171.97529	393172.64567	2.605982
636	391033.31975	391033.11257	393183.68538	393183.70494	0.208101
637	391033.11257	391032.89884	393183.70494	393183.68957	0.214283
638	391032.89884	391032.76363	393183.68957	393183.66781	0.136945
639	391032.76363	391032.65582	393183.66781	393183.55104	0.158922
640	391032.65582	391032.58408	393183.55104	393183.41284	0.155708
641	391032.58408	391032.54899	393183.41284	393183.18849	0.227080
642	391032.54899	391032.45943	393183.18849	393182.71425	0.482624
643	391032.45943	391028.65813	393182.71425	393179.69215	4.856225
644	391029.23452	391030.05768	393231.53331	393231.34516	0.844391
645	391030.05768	391031.98252	393231.34516	393230.89817	1.976052
646	391031.98252	391034.81296	393230.89817	393234.63513	4.687888
647	391033.31975	391033.58472	393183.68538	393187.46513	3.789020
648	391033.58472	391030.77451	393187.46513	393188.03007	2.866439
649	391041.00906	391030.80840	393166.65903	393167.90867	10.27691
650	391035.26492	391035.12848	393199.54776	393199.51192	0.141068
651	391035.12848	391035.02976	393199.51192	393199.38888	0.157742
652	391035.02976	391034.97612	393199.38888	393199.20043	0.195942
653	391034.97612	391034.86473	393199.20043	393198.70774	0.505123
654	391034.86473	391031.36374	393198.70774	393195.07655	5.044052
655	391043.90392	391039.20120	393182.44838	393182.97006	4.731568
656	391039.20120	391036.41726	393182.97006	393183.22982	2.796029
657	391036.41726	391034.22532	393183.22982	393183.55147	2.215418
658	391034.22532	391033.31975	393183.55147	393183.68538	0.915420
659	391035.26492	391035.41440	393199.54776	393200.05396	0.527807
660	391035.41440	391035.67490	393200.05396	393200.69989	0.696477
661	391035.67490	391036.74893	393200.69989	393203.38664	2.893473
662	391036.74893	391035.65298	393203.38664	393203.94235	1.228783
663	391047.90240	391044.15425	393194.72742	393195.59928	3.848219
664	391044.15425	391043.68745	393195.59928	393195.73624	0.486477
665	391043.68745	391043.35183	393195.73624	393195.86364	0.358987
666	391043.35183	391043.04423	393195.86364	393196.02915	0.349297
667	391043.04423	391040.28404	393196.02915	393197.80328	3.281190
668	391040.28404	391038.98364	393197.80328	393198.60386	1.527081
669	391038.98364	391038.33332	393198.60386	393198.90517	0.716731
670	391038.33332	391037.88626	393198.90517	393199.07454	0.478066
671	391037.88626	391037.17630	393199.07454	393199.24814	0.730876
672	391037.17630	391035.77227	393199.24814	393199.50534	1.427390
673	391035.77227	391035.37907	393199.50534	393199.53822	0.394565
674	391035.37907	391035.26492	393199.53822	393199.54776	0.114551
675	391042.67153	391042.82074	393227.01659	393227.62139	0.622928
676	391042.82074	391043.08784	393227.62139	393228.60872	1.022824
677	391043.08784	391043.09701	393228.60872	393228.81075	0.202232
678	391043.09701	391043.06785	393228.81075	393228.97912	0.170880
679	391043.06785	391042.97075	393228.97912	393229.08546	0.144000
680	391042.97075	391042.81781	393229.08546	393229.19362	0.187320
681	391042.81781	391042.49965	393229.19362	393229.31071	0.339023
682	391042.49965	391041.92205	393229.31071	393229.41975	0.587800
683	391041.92205	391039.72554	393229.41975	393233.70422	4.814697
684	391040.27771	391040.23134	393216.93317	393217.41033	0.479401
685	391040.23134	391040.09305	393217.41033	393217.80528	0.418466
686	391040.09305	391039.97912	393217.80528	393218.03292	0.254560
687	391039.97912	391039.90786	393218.03292	393218.19617	0.178123
688	391039.90786	391039.91790	393218.19617	393218.41728	0.221343
689	391039.91790	391040.00960	393218.41728	393218.61289	0.216035
690	391040.00960	391040.08907	393218.61289	393218.93776	0.334448
691	391040.08907	391040.36313	393218.93776	393219.80167	0.906341
692	391040.36313	391040.56123	393219.80167	393220.38657	0.617531
693	391040.56123	391040.92181	393220.38657	393221.81135	1.469697
694	391040.92181	391041.37146	393221.81135	393223.01548	1.285352
695	391041.37146	391041.90061	393223.01548	393224.25565	1.348336
696	391041.90061	391042.53551	393224.25565	393226.46853	2.302163
697	391042.53551	391042.67153	393226.46853	393227.01659	0.564684
698	391050.07891	391050.97870	393206.99683	393213.64504	6.708821
699	391050.97870	391048.74654	393213.64504	393215.73674	3.059044
700	391048.74654	391043.19126	393215.73674	393216.23389	5.577480
701	391043.19126	391040.27771	393216.23389	393216.93317	2.996291
702	391041.00906	391041.74157	393166.65903	393171.24407	4.643186
703	391041.74157	391042.85993	393171.24407	393177.80423	6.654807
704	391042.85993	391043.45303	393177.80423	393180.14864	2.418268
705	391043.45303	391043.90392	393180.14864	393182.44838	2.343520
706	391042.67153	391045.79386	393227.01659	393227.48567	3.157366
707	391045.79386	391048.44436	393227.48567	393227.86788	2.677918
708	391048.44436	391051.63775	393227.86788	393231.03978	4.500969
709	391043.90392	391044.25120	393182.44838	393184.30184	1.885716
710	391044.25120	391044.57691	393184.30184	393185.65118	1.388092
711	391044.57691	391045.08602	393185.65118	393187.47124	1.889925
712	391045.08602	391045.50859	393187.47124	393188.74010	1.337378
713	391045.50859	391046.87405	393188.74010	393192.22205	3.740108
714	391046.87405	391047.90240	393192.22205	393194.72742	2.708211
715	391050.07891	391049.43772	393206.99683	393202.95038	4.096931
716	391049.43772	391048.89634	393202.95038	393199.59588	3.397907
717	391048.89634	391047.90240	393199.59588	393194.72742	4.968884
718	391058.93345	391059.20621	393203.89376	393205.44941	1.579372
719	391059.20621	391058.78450	393205.44941	393205.76977	0.529595
720	391058.78450	391057.74398	393205.76977	393206.13283	1.102041
721	391057.74398	391054.66015	393206.13283	393206.62699	3.123177
722	391054.66015	391050.07891	393206.62699	393206.99683	4.596137
723	391053.03572	391054.30748	393172.18581	393179.57977	7.502534
724	391054.30748	391055.73872	393179.57977	393187.18973	7.743379
725	391053.03572	391051.92569	393172.18581	393165.95306	6.330824
726	391051.92569	391051.53636	393165.95306	393163.58483	2.400016
727	391051.53636	391051.16506	393163.58483	393161.42587	2.190657
728	391051.16506	391060.53128	393161.42587	393159.95064	9.481686
729	391060.53128	391065.28959	393159.95064	393157.20633	5.492966
730	391053.03572	391056.91818	393172.18581	393171.48743	3.944776
731	391056.91818	391057.33149	393171.48743	393171.40072	0.422303
732	391057.33149	391057.48706	393171.40072	393171.35837	0.161235
733	391057.48706	391057.64545	393171.35837	393171.29511	0.170557
734	391057.64545	391057.77091	393171.29511	393171.22956	0.141548
735	391057.77091	391057.91403	393171.22956	393171.14229	0.167630
736	391057.91403	391058.04382	393171.14229	393171.04289	0.163477
737	391058.04382	391058.20621	393171.04289	393170.88752	0.224750
738	391058.20621	391058.42145	393170.88752	393170.66556	0.309181
739	391058.42145	391058.64882	393170.66556	393170.43027	0.327200
740	391058.64882	391058.81330	393170.43027	393170.28819	0.217347
741	391058.81330	391058.99175	393170.28819	393170.15746	0.221205
742	391058.99175	391059.07782	393170.15746	393170.09598	0.105773
743	391059.07782	391059.22079	393170.09598	393170.00730	0.168243
744	391059.22079	391059.36667	393170.00730	393169.94676	0.157943
745	391059.36667	391059.58696	393169.94676	393169.89773	0.225674
746	391059.58696	391061.92314	393169.89773	393169.43209	2.382138
747	391061.92314	391062.86330	393169.43209	393169.27752	0.952781
748	391062.86330	391063.15935	393169.27752	393169.18400	0.310468
749	391063.15935	391063.38224	393169.18400	393169.15559	0.224691
750	391063.38224	391063.51659	393169.15559	393169.16832	0.134948
751	391063.51659	391063.65002	393169.16832	393169.21357	0.140891
752	391063.65002	391063.75599	393169.21357	393169.31933	0.149723
753	391063.75599	391063.86385	393169.31933	393169.45534	0.173578
754	391063.86385	391063.96854	393169.45534	393169.58515	0.166768
755	391063.96854	391064.09954	393169.58515	393169.74339	0.205433
756	391064.09954	391064.56375	393169.74339	393170.39444	0.799588
757	391055.73872	391056.35895	393187.18973	393190.38361	3.253549
758	391056.35895	391057.19006	393190.38361	393194.72581	4.421027
759	391057.19006	391058.16169	393194.72581	393199.80988	5.176074
760	391058.16169	391058.93345	393199.80988	393203.89376	4.156169
761	391055.73872	391064.93847	393187.18973	393185.53405	9.347544
762	391064.93847	391066.16465	393185.53405	393185.27178	1.253923
763	391066.16465	391066.80722	393185.27178	393185.12659	0.658766
764	391058.93345	391064.77621	393203.89376	393202.92420	5.922662
765	391064.77621	391069.66018	393202.92420	393202.11468	4.950608
766	391064.56375	391066.88596	393170.39444	393172.68055	3.258683
767	391064.56375	391063.58887	393170.39444	393164.65174	5.824853
768	391063.58887	391065.72496	393164.65174	393161.42657	3.868414
769	391066.80722	391066.46508	393185.12659	393181.40357	3.738706
770	391066.46508	391068.24240	393181.40357	393178.93835	3.039100
771	391066.80722	391067.01284	393185.12659	393185.08411	0.209957
772	391067.01284	391067.18168	393185.08411	393185.10007	0.169599
773	391067.18168	391067.30327	393185.10007	393185.21760	0.169102
774	391067.30327	391067.33856	393185.21760	393185.44681	0.231914
775	391067.33856	391067.37739	393185.44681	393185.77699	0.332452
776	391067.37739	391067.43007	393185.77699	393186.12223	0.349240
777	391067.43007	391067.48631	393186.12223	393186.47084	0.353110
778	391067.48631	391067.59411	393186.47084	393187.16590	0.703377
779	391067.59411	391070.03421	393187.16590	393189.41640	3.319460
780	391069.66018	391069.79473	393202.11468	393202.11716	0.134570
781	391069.79473	391069.91258	393202.11716	393202.14250	0.120544
782	391069.91258	391070.07850	393202.14250	393202.22453	0.185087
783	391070.07850	391070.22200	393202.22453	393202.36321	0.199554
784	391070.22200	391070.29087	393202.36321	393202.50419	0.156906
785	391070.29087	391070.34158	393202.50419	393202.75427	0.255172
786	391070.34158	391070.38355	393202.75427	393203.00960	0.258757
787	391070.38355	391070.50678	393203.00960	393203.67156	0.673333
788	391070.50678	391073.81327	393203.67156	393205.37631	3.720087
789	391069.66018	391069.31883	393202.11468	393198.53020	3.600698
790	391069.31883	391071.39065	393198.53020	393195.67420	3.528337