236	391119.155694785	391146.76950296	393041.561424475	393035.34290611	28.3053417681457
0	390999.256962461	391001.065265968	393033.770048437	393032.794375502	2.05472607684565
1	391001.065265968	391001.825131138	393032.794375502	393032.912631448	0.769012057827323
2	391001.825131138	391002.828464851	393032.912631448	393033.111712692	1.02289387532804
3	391002.828464851	391004.139164893	393033.111712692	393033.841626399	1.50023618839709
4	391004.139164893	391007.155890392	393033.841626399	393035.803125511	3.59834844092713
5	390999.468221622	391002.732724981	393026.368166851	393022.039131	5.42194924158977
6	390999.468221623	390997.098887554	393026.368166852	393029.730006054	4.1128708650583
7	390997.098887554	390997.079067935	393029.730006054	393031.498946777	1.76905175045821
8	390997.079067935	390999.256962462	393031.498946777	393033.770048439	3.14660568438884
9	390999.256962462	390999.566656617	393033.770048439	393035.495357376	1.75288373698915
10	390999.566656617	391000.812194643	393035.495357376	393037.010712996	1.9615472545893
11	391000.812194643	391003.086435357	393037.010712996	393038.109189081	2.52563269916534
12	391002.732724981	391007.900357302	393022.039131	393025.665547244	6.31310688830772
13	391002.732724981	391006.546962199	393022.039131	393018.043039682	5.5242331031085
14	391003.253159464	391008.144631504	392995.852850464	392999.46844608	6.08268282701884
15	391008.144631504	391009.832537076	392999.46844608	392999.812823874	1.7226785201857
16	391009.832537076	391010.753904007	392999.812823874	392998.983435156	1.23967845347962
17	391010.753904007	391012.331115246	392998.983435156	392996.876374213	2.63197665472549
18	391010.059861105	391015.706514543	392990.075197552	392992.912000846	6.31918886997436
19	391015.706514543	391012.331115247	392992.912000846	392996.876374212	5.20668575828824
20	391012.331115247	391008.422476755	392996.876374212	392994.92790584	4.36737722854245
21	391008.422476755	391005.86289371	392994.92790584	392992.186657047	3.7504546808808
22	391006.546962199	391012.754950633	393018.043039682	393021.408927299	7.06175047973926
23	391006.546962199	391010.952862033	393018.043039682	393012.8900879	6.77973933174301
24	391015.706514544	391018.780875611	392992.912000845	392989.301193917	4.74232249486509
25	391018.780875611	391015.398285245	392989.301193917	392986.434356754	4.43403573594226
26	391015.398285245	391009.935976226	392986.434356754	392984.894491622	5.67520963830149
27	391009.935976226	391007.795828407	392984.894491622	392985.479045087	2.21854354086369
28	391010.952862033	391016.492400571	393012.8900879	393015.787357317	6.2514524145067
29	391010.952862033	391014.498127202	393012.8900879	393008.757200477	5.4451504644293
30	391013.983572941	391018.231366807	392978.647587755	392980.621806432	4.6841532970538
31	391018.231366807	391022.704600991	392980.621806432	392984.692816944	6.04838413548598
32	391022.704600991	391023.489994258	392984.692816944	392983.768270683	1.21310690847096
33	391023.489994258	391024.945286435	392983.768270683	392982.061153863	2.24323943373808
34	391024.945286435	391028.560737118	392982.061153863	392977.814842494	5.5769744387144
35	391014.498127202	391020.739009939	393008.757200477	393011.011561052	6.63556771807301
36	391014.498127202	391018.31725027	393008.757200477	393003.485705212	6.50955938045644
37	391024.945286435	391022.325883108	392982.061153863	392979.978005603	3.34675670824378
38	391022.325883108	391019.8763944	392979.978005603	392977.97161854	3.16632025845379
39	391019.8763944	391017.528469793	392977.97161854	392974.474302302	4.21235929518302
40	391018.31725027	391024.09006754	393003.485705212	393005.470479056	6.10448576455041
41	391018.31725027	391020.661472431	393003.485705212	393000.790722284	3.5718777301983
42	391020.661472431	391022.308115595	393000.790722284	392998.974096238	2.45184907846315
43	391022.308115595	391024.120179826	392998.974096238	392996.902478045	2.75230425505245
44	391024.120179826	391025.226961368	392996.902478045	392995.701531968	1.633167739219
45	391018.780875612	391022.70460099	392989.301193916	392984.692816945	6.05250023890275
46	391028.560737118	391029.0086772	392977.814842494	392977.288741261	0.69096514017522
47	391029.0086772	391030.317469265	392977.288741261	392975.751577816	2.01886307842629
48	391030.317469265	391031.530444306	392975.751577816	392974.326950522	1.87106156412
49	391031.530444306	391028.066861851	392974.326950522	392971.816041535	4.27797467973059
50	391028.066861851	391024.638907394	392971.816041535	392971.402097809	3.45285695793189
51	391024.638907394	391020.750123495	392971.402097809	392970.792152478	3.93632741468618
52	391028.419189605	391036.440609143	392992.044885732	392998.065777473	10.0296714190768
53	391033.480978686	391026.19217001	393001.941440984	392996.46462066	9.11714279649876
54	391026.19217001	391025.226961368	392996.46462066	392995.701531967	1.23041947155631
55	391025.226961368	391026.697016649	392995.701531967	392994.050918766	2.21033627982888
56	391026.697016649	391028.419189605	392994.050918766	392992.044885732	2.6438699331607
57	391040.180757794	391032.298447298	392993.605107347	392987.526222816	9.95407734986452
58	391032.298447298	391028.419189605	392987.526222816	392992.044885732	5.95541390646306
59	391037.554645031	391034.042936597	392967.251584537	392964.005609258	4.78209699121419
60	391034.042936597	391031.975245887	392964.005609258	392962.19835065	2.74618436197867
61	391031.975245887	391029.446237139	392962.19835065	392958.19749203	4.73315486161955
62	391031.530444308	391034.132500919	392974.326950519	392971.270860553	4.01377434386867
63	391043.992874521	391042.869284416	392989.201221833	392986.105139719	3.29365741726175
64	391042.869284416	391041.111598116	392986.105139719	392983.498617812	3.1437903209435
65	391041.111598116	391038.054139291	392983.498617812	392980.821839127	4.06364351243221
66	391038.054139291	391032.2984473	392980.821839127	392987.526222814	8.83610496277841
67	391033.351505312	391035.615696267	392954.119745162	392958.051121241	4.53676961650746
68	391035.615696267	391038.416599116	392958.051121241	392960.629023863	3.80665715556922
69	391038.416599116	391041.477643184	392960.629023863	392962.644062999	3.66474739970707
70	391034.132500919	391034.737961368	392971.270860554	392970.559753194	0.933946483384819
71	391034.737961368	391035.150041854	392970.559753194	392970.075768704	0.635650307316238
72	391035.150041854	391037.041914598	392970.075768704	392967.85378272	2.91828788705034
73	391037.041914598	391037.554645032	392967.85378272	392967.251584538	0.790907800302832
74	391037.554645032	391041.477643184	392967.251584538	392962.644062999	6.05137746538534
75	391044.86941287	391040.559339377	392958.660462767	392955.381839615	5.4153580939959
76	391040.559339377	391038.411445963	392955.381839615	392953.063996669	3.16003829680015
77	391038.411445963	391036.696488411	392953.063996669	392950.454236346	3.12280776718188
78	391044.866311609	391038.054137428	392972.59586021	392980.821838738	10.6804700186347
79	391040.392542624	391040.866306724	392946.962913801	392948.932716452	2.02597505037348
80	391040.866306724	391042.603154728	392948.932716452	392951.61110648	3.19224280573842
81	391042.603154728	391047.512924267	392951.61110648	392955.555684557	6.29805788543192
82	391048.609401729	391046.697516697	392928.902256746	392930.046319486	2.22804486679317
83	391046.697516697	391044.643310472	392930.046319486	392930.319847258	2.07233700394815
84	391044.643310472	391040.895369309	392930.319847258	392928.339125642	4.23914154977415
85	391041.477643184	391044.86941287	392962.644062999	392958.660462767	5.23193773024546
86	391050.864218057	391046.627610877	392951.619622864	392947.641502476	5.81156452401078
87	391046.627610877	391045.127758372	392947.641502476	392944.962419294	3.07034920393041
88	391045.127758372	391044.430148621	392944.962419294	392942.260606474	2.79042145187525
89	391047.512924267	391044.86941287	392955.555684557	392958.660462767	4.07771998026474
90	391045.383028425	391049.117165229	392921.21074061	392923.961108023	4.63770402021458
91	391049.117165229	391049.212664169	392923.961108023	392925.886461144	1.92772007465993
92	391049.212664169	391048.609401729	392925.886461144	392928.902256746	3.07554038937248
93	391047.512924267	391050.86421806	392955.555684557	392951.619622862	5.16950207989386
94	391050.86421806	391054.575844791	392951.619622862	392948.188265857	5.05473875625992
95	391057.581407701	391048.609401729	392931.73176137	392928.902256746	9.4076026483301
96	391049.400778743	391052.399268615	392977.442678811	392980.709159406	4.43405423891616
97	391057.596866918	391055.1153549	392958.759198405	392961.41441415	3.6342912020616
98	391055.1153549	391048.037640981	392961.41441415	392968.843687245	10.2610005869956
99	391048.037640981	391044.866311609	392968.843687245	392972.595860208	4.91285374610934
100	391044.866311609	391049.400778743	392972.595860208	392977.442678811	6.63724662466932
101	391049.400778743	391051.644570179	392977.442678811	392975.473858884	2.98510500809515
102	391051.644570179	391052.804382118	392975.473858884	392974.583627333	1.46207932432104
103	391052.804382118	391053.686650637	392974.583627333	392975.430960678	1.22326266082717
104	391053.686650637	391055.778943796	392975.430960678	392977.958907609	3.281494529152
105	391076.684366068	391071.264363293	392977.951004573	392973.869846449	6.78470940507957
106	391071.264363293	391065.886968851	392973.869846449	392969.543335642	6.90181619249167
107	391065.886968851	391055.1153549	392969.543335642	392961.414414151	13.494703839187
108	391055.684860937	391061.386877153	392999.644504384	392994.422805033	7.73169664741228
109	391061.386877153	391063.976684376	392994.422805033	392997.089946136	3.71762600601079
110	391063.976684376	391064.460959567	392997.089946136	392998.4587245	1.4519217157638
111	391064.460959567	391063.906708693	392998.4587245	392999.628342279	1.29429509028858
112	391063.906708693	391060.339935633	392999.628342279	393003.648113054	5.37405127849972
113	391065.921962452	391062.387140293	392910.052174723	392912.173531153	4.12251389298988
114	391062.387140293	391060.403563971	392912.173531153	392912.292051878	1.98711403521971
115	391060.403563971	391056.340735068	392912.292051878	392908.629436646	5.47003921679759
116	391063.905976217	391057.581407701	392938.160577347	392931.73176137	9.01830592564844
117	391058.621939517	391056.535912812	392923.73633045	392927.068271855	3.93107376488476
118	391056.535912812	391057.581407701	392927.068271855	392931.73176137	4.77924617701709
119	391057.596866919	391059.879014557	392958.759198406	392956.376901304	3.29902066135959
120	391059.879014557	391061.606562558	392956.376901304	392954.661246381	2.43472666094743
121	391061.386877152	391067.733837422	392994.422805033	392988.510885421	8.67379375885662
122	391071.816498891	391068.191737545	392916.756319722	392918.679794287	4.10349231979125
123	391068.191737545	391064.943953441	392918.679794287	392919.884807869	3.46412461091379
124	391064.943953441	391061.591864328	392919.884807869	392919.789386714	3.35344697577909
125	391061.606562557	391058.981663275	392954.661246381	392952.159436537	3.62617549699021
126	391058.981663275	391056.817985088	392952.159436537	392950.196728217	2.92125439652743
127	391056.817985088	391054.575844794	392950.196728217	392948.188265859	3.01016845706516
128	391054.575844794	391059.241672153	392948.188265859	392943.143654494	6.8715390395103
129	391059.241672153	391063.905976219	392943.143654494	392938.160577346	6.82545165447606
130	391063.905976219	391068.45371577	392938.160577346	392933.215403555	6.71838364865493
131	391068.45371577	391073.087067862	392933.215403555	392928.350351937	6.71838364863947
132	391073.087067862	391075.98276296	392928.350351937	392925.414210105	4.12383061673214
133	391075.98276296	391076.70766735	392925.414210105	392923.16831262	2.35998768828855
134	391076.70766735	391076.203668156	392923.16831262	392921.063854059	2.16396881296171
135	391076.203668156	391071.816498891	392921.063854059	392916.756319722	6.14834174633718
136	391061.606562558	391075.20834573	392954.661246381	392966.329168797	17.9206283081562
137	391075.20834573	391083.117478225	392966.329168797	392972.473506158	10.0153511385966
138	391083.117478225	391098.725529874	392972.473506158	392985.208527463	20.1442806755878
139	391073.621741785	391061.606562558	392941.402849725	392954.661246381	17.8927251624201
140	391062.378652224	391064.16220359	392900.279366502	392904.28117002	4.38126544203698
141	391064.16220359	391065.921962452	392904.28117002	392910.052174723	6.03334455546389
142	391068.729928068	391065.921962452	392913.24581155	392910.052174723	4.25252714163124
143	391067.733837422	391071.841905602	392988.510885421	392993.10908149	6.16600610248179
144	391067.733837422	391076.684366068	392988.510885421	392977.951004573	13.8427976414748
145	391068.729928069	391071.816498891	392913.245811549	392916.756319722	4.67446115305068
146	391073.469620091	391078.775243465	393013.104266333	393006.915058062	8.15205117861053
147	391073.621741785	391080.592739038	392941.402849723	392933.558055699	10.4945507764542
148	391076.684366068	391082.104812143	392977.951004573	392982.273918048	6.93316785921557
149	391082.104812143	391085.977150228	392982.273918048	392985.615796816	5.11499324962711
150	391085.977150228	391091.882575534	392985.615796816	392990.906548576	7.92881468054713
151	391091.882575534	391096.888264334	392990.906548576	392995.213512032	6.60354863506768
152	391096.888264334	391101.562641598	392995.213512032	392999.349599803	6.24155628420112
153	391101.562641598	391107.125508694	392999.349599803	393004.046326817	7.2804350808611
154	391078.775243465	391081.353971791	393006.915058062	393009.319592105	3.52585078336794
155	391081.353971791	391082.162148011	393009.319592105	393010.789637233	1.67755222893738
156	391082.162148011	391081.754848942	393010.789637233	393012.232448316	1.49919857041832
157	391081.754848942	391078.337486644	393012.232448316	393016.920545113	5.80143229366263
158	391078.775243465	391083.183607007	393006.915058062	393002.452244516	6.27298763484054
159	391080.592739038	391086.763800882	392933.558055699	392939.817389033	8.78983834154638
160	391080.592739038	391085.116336807	392933.558055699	392928.833434202	6.54102324277081
161	391083.183607007	391087.273073233	393002.452244516	393005.916239791	5.35938403896922
162	391091.882575535	391083.183607007	392990.906548578	393002.452244516	14.4559727491847
163	391085.116336807	391090.728463003	392928.833434202	392934.956925617	8.30620897544249
164	391085.116336807	391089.294261864	392928.833434202	392924.469846734	6.04118807606256
165	391087.320568527	391090.584795007	393024.082123072	393020.168562044	5.09618822527254
166	391090.584795007	391092.547568979	393020.168562044	393020.026224646	1.96792825094526
167	391092.547568979	391094.622735929	393020.026224646	393021.139012824	2.35470070260864
168	391094.622735929	391099.826805853	393021.139012824	393014.502158524	8.43387092537927
169	391089.294261864	391094.763609951	392924.469846734	392930.53939511	8.17026229626801
170	391089.294261864	391094.693211995	392924.469846734	392918.632029146	7.95165245115636
171	391098.096491506	391094.864166837	392915.291839709	392911.956982717	4.64426462611274
172	391094.864166837	391093.07084933	392911.956982717	392910.322817818	2.4262074519768
173	391093.07084933	391092.304086659	392910.322817818	392907.287373227	3.13079045289465
174	391094.622735928	391096.841541213	393021.139012826	393023.186613739	3.01923274916012
175	391096.841541213	391095.87607785	393023.186613739	393024.907661325	1.97335356708711
176	391095.87607785	391093.497478758	393024.907661325	393027.963079383	3.87211998102873
177	391094.693211995	391100.268344341	392918.632029146	392924.177433733	7.86343517197885
178	391098.096491505	391094.693211995	392915.291839712	392918.632029146	4.76856130068747
179	391104.43185087	391101.954861422	392908.668969971	392911.265886036	3.58879503079837
180	391101.954861422	391098.865421446	392911.265886036	392907.473061025	4.89184637113558
181	391098.865421446	391096.932278313	392907.473061025	392906.205719841	2.31153543163577
182	391096.932278313	391094.944571968	392906.205719841	392905.533972262	2.09814711736268
183	391101.954861419	391098.096491505	392911.26588604	392915.291839711	5.57631790375255
184	391098.725529876	391103.764846197	392985.208527462	392989.616378615	6.6950624176238
185	391099.826805853	391100.757119881	393014.502158524	393019.643395166	5.22472950513234
186	391107.125508694	391099.826805853	393004.046326817	393014.502158524	12.7512932613958
187	391108.682982713	391107.073852534	393033.24179577	393032.245576734	1.89255179582438
188	391107.073852534	391105.877438913	393032.245576734	393032.819519366	1.32695730813576
189	391105.877438913	391103.027606755	393032.819519366	393036.160886808	4.39161470476857
190	391103.764846197	391108.71176996	392989.616378615	392994.197853094	6.74254871030872
191	391108.71176996	391113.585708013	392994.197853094	392998.821856414	6.71838364864499
192	391113.585708013	391118.378203757	392998.821856414	393003.530217423	6.71838364859661
193	391118.378203757	391138.084003993	393003.530217423	393021.96681418	26.9856751433175
194	391138.084003993	391149.126726205	393021.96681418	393032.298301055	15.1222132930891
195	391103.764846197	391112.051823927	392989.616378615	392983.232810939	10.4605896665318
196	391112.051823927	391108.732471641	392983.232810939	392978.672804036	5.64019171323398
197	391108.732471641	391108.176483192	392978.672804036	392972.857280795	5.8420402020875
198	391110.077354664	391104.43185087	392914.421731407	392908.668969971	8.06014746914257
199	391104.43185087	391108.866070248	392908.668969971	392904.028288632	6.41858432848866
200	391107.125508694	391113.412420457	393004.046326817	393008.813861605	7.89016143560419
201	391113.412420457	391118.79326074	393008.813861605	393013.813800225	7.34525890270985
202	391118.79326074	391121.538772058	393013.813800225	393017.343710127	4.47192311139043
203	391121.538772058	391120.77689393	393017.343710127	393020.304157053	3.0569109050421
204	391120.77689393	391119.313151125	393020.304157053	393022.083906005	2.30435442881756
205	391119.313151125	391113.663137833	393022.083906005	393028.350997786	8.43795529640415
206	391113.663137833	391116.119518379	393028.350997786	393030.719022533	3.41194176221208
207	391116.119518379	391116.406484296	393030.719022533	393032.056986937	1.3683925549479
208	391116.406484296	391114.578441444	393032.056986937	393034.199140536	2.81612547851769
209	391113.663137833	391108.682982715	393028.350997786	393033.241795768	6.98010386016329
210	391108.682982715	391110.622894906	393033.241795768	393034.959641661	2.59118772435601
211	391110.622894906	391110.531548983	393034.959641661	393035.878259781	0.923148594134261
212	391110.531548983	391107.389108711	393035.878259781	393039.619398053	4.88580049059054
213	391108.866070248	391114.372829604	392904.028288632	392909.806018369	7.98163889900309
214	391108.866070248	391116.542884879	392904.028288632	392898.271218585	9.59569374238121
215	391116.542884879	391118.823722728	392898.271218585	392897.11080145	2.55906022227388
216	391118.823722728	391121.170072002	392897.11080145	392897.15588638	2.34678238571448
217	391121.170072002	391123.600839511	392897.15588638	392898.230083885	2.65754227870447
218	391123.600839511	391130.24032011	392898.230083885	392903.325938593	8.36961395942002
219	391130.24032011	391136.860432844	392903.325938593	392897.497521874	8.82022301776321
220	391112.051823927	391117.569327092	392983.232810939	392978.957415199	6.98010386005165
221	391117.569327092	391114.463685534	392978.957415199	392975.353091764	4.75774704094684
222	391114.463685534	391114.265324156	392975.353091764	392973.762894101	1.60252171438272
223	391114.265324156	391115.460416412	392973.762894101	392971.514077469	2.54664912089829
224	391115.460416412	391116.982750872	392971.514077469	392967.679728957	4.12549763289558
225	391117.569327092	391120.637453408	392978.957415194	392976.119686148	4.1792469692443
226	391120.637453408	391123.570805301	392976.119686148	392972.514724179	4.64761273446238
227	391118.378203757	391126.161084421	393003.530217423	392996.681683597	10.3670462039672
228	391121.636588749	391123.875954883	392911.300052458	392913.149607093	2.90441268193949
229	391123.875954883	391125.065950758	392913.149607093	392913.611025325	1.27632165576266
230	391125.065950758	391127.089688866	392913.611025325	392915.204924419	2.57604934883732
231	391127.089688866	391125.431726112	392915.204924419	392916.802446364	2.30237200660624
232	391125.431726112	391124.386738357	392916.802446364	392916.880394263	1.04789087408091
233	391124.386738357	391123.646640082	392916.880394263	392916.584734378	0.796969399397125
234	391123.646640082	391121.856936781	392916.584734378	392916.521954269	1.79080407840598
235	391121.856936781	391119.090856286	392916.521954269	392915.114663983	3.10349275114608
237	391121.200854197	391122.880227468	392986.530090781	392991.855575994	5.58400280565936
238	391122.880227468	391126.161084421	392991.855575994	392996.681683597	5.83569506943183
239	391123.265167805	391127.645993372	393066.561962958	393066.499880592	4.38126544194454
240	391127.645993372	391133.643455921	393066.499880592	393067.156911418	6.03334455554113
241	391131.125496657	391129.347912017	392911.581239971	392910.182152581	2.26213453987275
242	391129.347912017	391127.507719583	392910.182152581	392909.30579144	2.03821417986815
243	391127.507719583	391124.994752794	392909.30579144	392908.093154505	2.79024916782246
244	391126.161084421	391130.085577737	392996.681683597	392992.563665945	5.68856020178043
245	391130.085577737	391127.970068719	392992.563665945	392989.001672306	4.14284649642488
246	391127.970068719	391127.523163197	392989.001672306	392986.039518442	2.99567689461633
247	391127.523163197	391127.888894763	392986.039518442	392983.607270265	2.45959158687739
248	391135.126027967	391131.125496657	392907.989229684	392911.581239972	5.37650338736816
249	391131.125496657	391127.089688867	392911.581239972	392915.204924418	5.42391311530535
250	391133.643455921	391134.200042068	393067.156911418	393071.241679791	4.12251389300735
251	391134.200042068	391133.527238465	393071.241679791	393073.111427769	1.98711403521991
252	391133.527238465	391128.559880938	393073.111427769	393075.401992813	5.47003921673588
253	391130.08557774	391133.681567275	392992.56366594	392989.215985145	4.91305479753843
254	391133.681567275	391135.546481685	392989.215985145	392985.607236181	4.06213919567085
255	391130.24032011	391135.126027967	392903.325938594	392907.989229684	6.75399326759894
256	391137.685246538	391133.643455921	393065.834823789	393067.156911418	4.25252714158242
257	391135.126027967	391140.733425031	392907.989229684	392913.341355826	7.7516550534579
258	391144.145015711	391141.611045923	393090.497168337	393088.75419794	3.07554038936986
259	391141.611045923	391139.803881883	393088.75419794	393088.083181683	1.92772007471261
260	391139.803881883	391135.804479148	393088.083181683	393090.431175794	4.63770402026991
261	391141.15709504	391139.211775557	392898.050605847	392898.721409077	2.05772808324165
262	391139.211775557	391136.860432849	392898.721409077	392897.497521871	2.65079467787449
263	391136.860432849	391135.638760885	392897.497521871	392896.117452017	1.84311561967773
264	391135.638760885	391136.19174161	392896.117452017	392894.012008954	2.17685051723222
265	391137.685246537	391142.128061973	393065.834823789	393064.381559164	4.67446115316683
266	391138.084003995	391140.636513139	393021.96681418	393019.660643089	3.44001860998121
267	391140.636513139	391143.370953237	393019.660643089	393016.970759309	3.83570559277774
268	391143.370953237	391146.702155077	393016.970759309	393012.478478063	5.59262876384603
269	391146.702155077	391157.634785252	393012.478478063	392997.896612414	18.2250708740998
270	391157.634785252	391160.974750638	392997.896612414	392993.483074673	5.53486080824762
271	391160.974750638	391160.741060502	392993.483074673	392989.769833731	3.72058723480172
272	391160.741060502	391158.792476584	392989.769833731	392987.001096093	3.38568861433913
273	391140.414393786	391139.431333299	392925.082958413	392925.876175354	1.26317102512115
274	391139.431333299	391138.749340325	392925.876175354	392926.367620202	0.840614331439783
275	391138.749340325	391138.628290678	392926.367620202	392927.135854588	0.777712729032378
276	391138.628290678	391138.774739796	392927.135854588	392927.779518114	0.66011368714475
277	391138.774739796	391140.194656803	392927.779518114	392931.102645126	3.61377052954815
278	391140.414393786	391143.829000344	392925.082958413	392929.425999347	5.52463053031235
279	391143.265420555	391140.414393786	392922.572020464	392925.082958413	3.79910029052946
280	391144.145015711	391144.443007193	393090.497168337	393092.705195738	2.22804486679762
281	391144.443007193	391143.884829977	393092.705195738	393094.700945936	2.07233700392005
282	391143.884829977	391140.587342634	393094.700945936	393097.364946369	4.23914154981347
283	391152.636963088	391146.978353308	392924.702997637	392919.301990237	7.82245137853491
284	391146.978353308	391140.733425031	392919.301990237	392913.341355826	8.63297699386523
285	391140.733425031	391145.222859452	392913.341355826	392909.279731948	6.05407383092887
286	391145.222859452	391147.444448064	392909.279731948	392908.560067164	2.3352458884726
287	391147.444448064	391148.998826095	392908.560067164	392907.035293442	2.17738971467425
288	391142.128061973	391142.467336271	393064.381559164	393068.471001934	4.10349231989414
289	391142.467336271	391142.294864705	393068.471001934	393071.93083038	3.46412461092706
290	391142.294864705	391140.886100201	393071.93083038	393074.974017721	3.35344697569852
291	391161.125192309	391157.558273763	393078.784524789	393071.841695555	7.80549714535696
292	391157.558273763	391154.424432674	393071.841695555	393065.991708141	6.63651359585478
293	391154.424432674	391152.215723553	393065.991708141	393062.498931008	4.13254014894264
294	391152.215723553	391149.948731144	393062.498931008	393060.784732326	2.84213506093815
295	391149.948731144	391147.653116508	393060.784732326	393061.23281849	2.33893731572343
296	391147.653116508	391142.128061973	393061.23281849	393064.381559164	6.3593077804332
297	391143.343149968	391145.58331795	393079.259076026	393082.489399285	3.93107376489859
298	391145.58331795	391150.281407224	393082.489399285	393083.36641194	4.77924617691593
299	391150.281407224	391144.145015711	393083.36641194	393090.497168337	9.40760264831052
300	391145.22285945	391143.324653238	392909.279731946	392906.744249049	3.16731121689776
301	391143.324653238	391143.358514026	392906.744249049	392905.692413575	1.0523803576552
302	391143.358514026	391144.904108505	392905.692413575	392903.175640398	2.95347414400075
303	391151.663525329	391149.879665798	392936.019929807	392934.330716028	2.45674541142246
304	391149.879665798	391149.129360823	392934.330716028	392934.057258127	0.798584234360166
305	391149.129360823	391148.558354753	392934.057258127	392934.459709391	0.698580668645478
306	391148.558354753	391145.765892645	392934.459709391	392935.246656907	2.9012292259799
307	391153.134813778	391148.705245622	393105.155740545	393107.281071907	4.91305479748096
308	391148.705245622	391145.850538225	393107.281071907	393110.170988952	4.0621391956914
309	391146.978353308	391143.265420557	392919.301990238	392922.572020463	4.94762238740466
310	391143.265420557	391145.299143574	392922.572020463	392923.878585707	2.4172592017703
311	391145.299143574	391146.520398369	392923.878585707	392925.072864462	1.7081466620005
312	391146.520398369	391147.025283063	392925.072864462	392926.591378346	1.60024778367699
313	391149.126726205	391148.411708857	393032.298301055	393033.150203839	1.11219969447642
314	391148.411708857	391147.290637812	393033.150203839	393034.595240054	1.82891496544879
315	391147.290637812	391146.769502961	393034.595240054	393035.342906112	0.911364946830833
316	391146.769502961	391150.828846645	393035.342906112	393041.912469806	7.72252797170197
317	391150.828846645	391155.463766484	393041.912469806	393049.075236829	8.53157156361708
318	391166.773098712	391164.171587248	393014.899800449	393017.513707679	3.68786834153131
319	391164.171587248	391157.373961515	393017.513707679	393023.781003648	9.24590257253239
320	391157.373961515	391152.239080077	393023.781003648	393028.900736301	7.25111507437528
321	391152.239080077	391149.126726205	393028.900736301	393032.298301055	4.60762334390358
322	391161.125192309	391150.281407224	393078.784524789	393083.36641194	11.7720586492242
323	391151.663525329	391150.406330896	392936.019929807	392939.677543459	3.86764469244232
324	391157.634785251	391154.066863996	392997.896612414	392995.158574732	4.49743398263854
325	391154.066863996	391151.593818905	392995.158574732	392990.540292382	5.23874831301201
326	391151.593818905	391150.706339014	392990.540292382	392985.560243928	5.05850799740966
327	391157.820491308	391155.575811129	392929.65055118	392931.972671845	3.2296800913617
328	391155.575811129	391151.663525329	392931.972671845	392936.019929807	5.62905650980523
329	391158.107325899	391153.134813782	393102.392800004	393105.155740541	5.68856020180056
330	391153.134813782	391154.093964664	393105.155740541	393109.18602672	4.14284649641159
331	391154.093964664	391153.638748823	393109.18602672	393112.146914863	2.99567689461493
332	391153.638748823	391152.565500582	393112.146914863	393114.359996196	2.45959158685357
333	391161.032847771	391157.259024683	393121.871231824	393123.666883385	4.17924696920634
334	391157.259024683	391153.38545345	393123.666883385	393126.235102619	4.64761273453314
335	391155.463766486	391158.874348395	393049.075236827	393054.863553497	6.71838364742031
336	391158.874348395	391175.335976566	393054.863553497	393045.0624418	19.1584705160222
337	391158.107325899	391159.802647262	393102.392800004	393107.976814905	5.83569506947208
338	391159.802647262	391159.820432342	393107.976814905	393113.560789388	5.58400280564407
339	391170.507468847	391158.107325899	393096.054778208	393102.392800004	13.9260211620836
340	391167.572990528	391161.032847773	393119.432301187	393121.87123182	6.98010386003182
341	391161.032847773	391162.924633627	393121.87123182	393126.236698941	4.75774704097478
342	391162.924633627	391162.640585915	393126.236698941	393127.813845967	1.60252171433927
343	391162.640585915	391160.8301918	393127.813845967	393129.604905679	2.54664912095074
344	391160.8301918	391158.235367909	393129.604905679	393132.812181735	4.12549763287499
345	391163.388587503	391157.82049131	392934.96516558	392929.650551181	7.69732560160114
346	391157.82049131	391152.636963113	392929.650551181	392924.702997661	7.16569957554316
347	391152.636963113	391158.586672296	392924.702997661	392919.37587894	7.98606494066202
348	391158.586672296	391157.031879378	392919.37587894	392918.160168627	1.97365969296711
349	391157.031879378	391157.015782095	392918.160168627	392917.270519544	0.889794702326908
350	391157.015782095	391158.294682109	392917.270519544	392914.535954856	3.01884568660182
351	391158.586672297	391160.224430426	392919.375878939	392919.109213783	1.65932576497062
352	391160.224430426	391162.714454996	392919.109213783	392918.61377579	2.53883460816816
353	391158.874348396	391162.183390803	393054.863553498	393060.710511442	6.71838364861714
354	391162.183390803	391165.389885741	393060.710511442	393066.614329619	6.71838364867884
355	391165.389885741	391168.492856479	393066.614329619	393072.573209668	6.7183836478805
356	391168.492856479	391179.426113233	393072.573209668	393066.055217106	12.728720685108
357	391179.426113233	391191.588161963	393066.055217106	393058.85030385	14.1359896839124
358	391170.507468847	391167.913895792	393096.054778208	393091.466361667	5.27069137240551
359	391167.913895792	391165.951821925	393091.466361667	393088.063393742	3.92809426558033
360	391165.951821925	391164.147250585	393088.063393742	393084.701280673	3.81579375874343
361	391164.147250585	391161.125192309	393084.701280673	393078.784524789	6.64385704322272
362	391162.125587759	391161.632064117	392946.660616148	392948.144408742	1.56371546314925
363	391161.632064117	391161.962715672	392948.144408742	392950.022614705	1.90708890444871
364	391162.125587759	391161.303588188	392946.660616148	392945.32263295	1.57031281339264
365	391161.303588188	391161.16465745	392945.32263295	392944.366061441	0.966607885062415
366	391161.16465745	391162.420158376	392944.366061441	392941.772943098	2.88106669712247
367	391166.082635755	391162.125587759	392944.815785902	392946.660616148	4.36596237649464
368	391166.082635755	391168.66906179	392944.815785902	392945.928135264	2.81547877643545
369	391168.66906179	391169.319456803	392945.928135264	392948.69450355	2.84179646752091
370	391169.335662606	391166.082635755	392940.641506276	392944.815785902	5.29214456398309
371	391194.469660896	391191.00298249	393031.131114102	393027.02663735	5.37257746102135
372	391191.00298249	391186.988183416	393027.02663735	393022.180283136	6.29331079626978
373	391186.988183416	391182.414386903	393022.180283136	393017.419828983	6.6016314862279
374	391182.414386903	391179.317977284	393017.419828983	393014.075938341	4.55734101815248
375	391179.317977284	391175.281460916	393014.075938341	393011.000798753	5.07444064622608
376	391175.281460916	391172.48172555	393011.000798753	393010.854224926	2.80356951196474
377	391172.48172555	391169.607203609	393010.854224926	393012.055883814	3.11558348759643
378	391169.607203609	391166.773098712	393012.055883814	393014.899800448	4.01497352264119
379	391170.507468847	391172.866691422	393096.054778208	393100.673613688	5.18647976462804
380	391172.866691422	391176.143026797	393100.673613688	393108.818859753	8.77948785259454
381	391176.143026797	391178.239613155	393108.818859753	393113.281111666	4.93025014509275
382	391178.239613155	391178.464475924	393113.281111666	393115.567777389	2.29769523514603
383	391178.464475924	391175.203761338	393115.567777389	393116.87785967	3.51405395404192
384	391175.203761338	391167.572990529	393116.87785967	393119.432301186	8.04697673681561
385	391167.572990529	391169.384282071	393119.432301186	393124.773741583	5.64019171327413
386	391169.384282071	391168.183731732	393124.773741583	393130.491093471	5.84204020203669
387	391168.492856479	391171.491357823	393072.573209668	393078.585336458	6.71838364865643
388	391171.491357823	391174.384476401	393078.585336458	393084.648878636	6.71838364861701
389	391174.384476401	391177.171330941	393084.648878636	393090.761989188	6.71838364859539
390	391168.635407156	391167.18478426	392930.415691172	392929.177441352	1.90724130662562
391	391167.18478426	391167.382782172	392929.177441352	392928.39313022	0.808917254589384
392	391167.382782172	391168.667000304	392928.39313022	392925.433477762	3.22626082117972
393	391173.903372049	391172.125316001	392957.348409999	392956.028378297	2.21449023546644
394	391172.125316001	391171.432232136	392956.028378297	392955.98782166	0.694269461360688
395	391171.432232136	391170.124649335	392955.98782166	392956.275862063	1.33893243133439
396	391178.230884321	391173.90337205	392953.810629341	392957.348409999	5.5895665705227
397	391173.90337205	391174.12616929	392957.348409999	392959.847211176	2.50871399967933
398	391174.12616929	391172.038636896	392959.847211176	392961.956890454	2.96791815139231
399	391182.677030873	391183.031063223	392936.062927976	392937.809435174	1.78202870289127
400	391183.031063223	391182.621356715	392937.809435174	392939.552512091	1.79057995157134
401	391182.621356715	391180.939633933	392939.552512091	392941.162539085	2.32817062013665
402	391180.939633934	391178.542354973	392941.162539086	392942.501188346	2.74571088377608
403	391178.542354973	391174.75725642	392942.501188346	392945.904949526	5.09043821530694
404	391174.75725642	391169.335662606	392945.904949526	392940.641506275	7.55628972110933
405	391169.335662606	391163.388587503	392940.641506275	392934.96516558	8.22122533188398
406	391163.388587503	391168.635407157	392934.96516558	392930.415691173	6.9445542592177
407	391168.635407157	391169.649093634	392930.415691173	392930.343349713	1.01626451306934
408	391169.649093634	391172.275593109	392930.343349713	392929.639970686	2.7190515900244
409	391178.230884321	391175.481538549	392953.810629341	392952.167398612	3.20298445218976
410	391175.481538549	391172.529317389	392952.167398612	392950.701799916	3.29599595217019
411	391174.757256422	391180.765851317	392945.904949528	392951.738270755	8.37441634643599
412	391180.765851317	391186.085022498	392951.738270755	392956.902279102	7.41353925397265
413	391186.085022498	391192.812925139	392956.902279102	392963.433925518	9.3769440034336
414	391192.812925139	391190.853235326	392963.433925518	392967.124759352	4.17883220031667
415	391178.264646872	391173.434549431	393035.094497562	393038.443167492	5.87736604100478
416	391173.434549431	391172.212009815	393038.443167492	393040.070909464	2.03571781946929
417	391172.212009815	391173.347571834	393040.070909464	393042.306317048	2.50729897870983
418	391173.347571834	391175.335976566	393042.306317048	393045.0624418	3.39852571346114
419	391175.335976566	391182.932818892	393045.0624418	393040.415723812	8.90527941072274
420	391175.335976568	391178.945145175	393045.062441799	393049.381155552	5.62826674154651
421	391178.945145175	391180.305170642	393049.381155552	393050.225358588	1.60073359370168
422	391180.305170642	391181.766946786	393050.225358588	393049.836617601	1.51258356784841
423	391181.766946786	391187.525364642	393049.836617601	393046.05599485	6.88857638361655
424	391179.426113231	391176.42469367	393066.055217104	393059.90768562	6.84110098831275
425	391178.542354973	391176.988400228	392942.501188344	392940.405448921	2.6090034648431
426	391176.988400228	391176.834850816	392940.405448921	392939.162291132	1.25260477001296
427	391176.834850816	391176.896700793	392939.162291132	392936.194426218	2.9685093175927
428	391180.765851313	391178.230884321	392951.738270757	392953.810629341	3.2742522423733
429	391187.056438062	391178.464475925	393112.402479452	393115.567777389	9.15646899132298
430	391190.853235326	391187.293386023	392967.124759352	392965.810016954	3.79487478544286
431	391187.293386023	391184.573118962	392965.810016954	392966.283131323	2.76110305618081
432	391187.056438062	391185.590541906	393112.402479451	393109.691439251	3.0819783431132
433	391185.590541906	391180.22499963	393109.691439251	393097.806467802	13.0399996265623
434	391180.22499963	391179.851072539	393097.806467802	393096.922806003	0.959520528795583
435	391179.851072539	391177.850080396	393096.922806003	393092.294930938	5.04194378915183
436	391177.850080396	391177.171330942	393092.294930938	393090.761989192	1.67648776261073
437	391177.171330942	391186.034847111	393090.761989192	393086.284481121	9.93025666332799
438	391186.034847111	391184.283264131	393086.284481121	393082.441454889	4.22337466478019
439	391184.283264131	391184.522765429	393082.441454889	393080.42766789	2.02797903094703
440	391184.522765429	391189.677010853	393080.42766789	393077.940033299	5.7231609928467
441	391186.034847111	391194.035499026	393086.284481121	393082.242858944	8.96354510713402
442	391186.0850225	391188.824638945	392956.902279098	392954.472730527	3.66172152533074
443	391190.853235326	391188.422691383	392967.124759352	392969.052522203	3.10222717919821
444	391188.422691383	391186.409965367	392969.052522203	392969.427294278	2.0473202301726
445	391199.825545294	391190.640348448	393109.363275293	393112.602303035	9.73956579129453
446	391190.640348448	391187.92180937	393112.602303035	393113.132316045	2.76972354417953
447	391187.92180937	391187.056438062	393113.132316045	393112.402479452	1.132046356361
448	391187.921809368	391191.167778153	393113.132316045	393124.452228264	11.7761082703795
449	391191.167778153	391195.114786222	393124.452228264	393122.777496874	4.28760981535234
450	391195.114786222	391198.961096258	393122.777496874	393120.330479427	4.55872737451514
451	391188.824638945	391188.165538678	392954.472730527	392953.332952392	1.31662726580928
452	391188.165538678	391188.284069126	392953.332952392	392952.457392977	0.883546125371339
453	391188.284069126	391188.813824553	392952.457392977	392951.671651925	0.947644350271865
454	391188.813824553	391191.561185659	392951.671651925	392945.899058907	6.39302926626975
455	391196.55300015	391193.569150661	392951.287081047	392953.143276311	3.5140885917724
456	391193.569150661	391191.5777513	392953.143276311	392954.168209685	2.23967851142803
457	391191.5777513	391190.489626122	392954.168209685	392954.418455749	1.11653011463979
458	391190.489626122	391188.824638945	392954.418455749	392954.472730527	1.66587155904622
459	391190.853235326	391191.81536326	392967.124759352	392968.363148356	1.5682147442019
460	391191.81536326	391191.654565418	392968.363148356	392970.330579434	1.97399113294701
461	391191.654565418	391189.634520081	392970.330579434	392973.175102574	3.48882430897744
462	391191.167778153	391192.571505306	393124.452228266	393128.402033412	4.19182664387842
463	391199.88272609	391195.75588089	393059.291798608	393061.179044414	4.53790128129754
464	391195.75588089	391193.928590618	393061.179044414	393060.45629464	1.96503357994488
465	391193.928590618	391191.588161963	393060.45629464	393058.85030385	2.8384525204639
466	391191.588161963	391190.224546602	393058.85030385	393056.330434543	2.86516808887187
467	391190.224546602	391190.422286004	393056.330434543	393054.828347937	1.51504621771379
468	391190.422286004	391192.64702859	393054.828347937	393052.513974662	3.21026529036299
469	391199.288090607	391200.110247123	392983.059743637	392981.434571468	1.82129786610212
470	391200.110247123	391200.54762474	392981.434571468	392979.874659527	1.62006927111369
471	391200.54762474	391200.263421886	392979.874659527	392978.560749715	1.3442954491149
472	391200.263421886	391199.063391765	392978.560749715	392977.391295664	1.67561781769626
473	391199.063391765	391197.568772368	392977.391295664	392976.629363383	1.67762568610694
474	391197.568772368	391195.896431578	392976.629363383	392976.29025725	1.70637530599043
475	391195.896431578	391193.777288222	392976.29025725	392976.797603987	2.17902943490378
476	391193.777288222	391192.198473455	392976.797603987	392978.574098921	2.37667631712958
477	391192.81292514	391197.72719933	392963.433925518	392968.204847906	6.84921829394622
478	391201.921387221	391197.771353611	393086.358497282	393084.412677045	4.58355706412996
479	391197.771353611	391194.035499026	393084.412677045	393082.242858944	4.32026851821993
480	391194.035499026	391199.218363844	393082.242858944	393079.624674625	5.80663214294669
481	391199.218363844	391203.249175526	393079.624674625	393080.304930321	4.08781000468141
482	391203.249175526	391207.29199072	393080.304930321	393083.212668889	4.97988938240951
483	391195.07969182	391193.533421893	393135.458806902	393137.130118061	2.27689079170238
484	391193.533421893	391193.297435455	393137.130118061	393138.988525058	1.87333023405753
485	391193.297435455	391194.132158366	393138.988525058	393141.103372075	2.27361831487744
486	391201.324208544	391199.772917333	393127.238797954	393129.708395275	2.91640452399315
487	391199.772917333	391198.358759461	393129.708395275	393131.360700957	2.17484632907278
488	391198.358759461	391194.148593048	393131.360700957	393132.839640532	4.46237195832728
489	391199.218363841	391197.535491144	393079.624674625	393076.770680338	3.31320749511479
490	391197.535491144	391194.27735589	393076.770680338	393075.020212879	3.69859184777483
491	391210.320454687	391206.453350842	393045.646129616	393041.914182764	5.37419012051835
492	391206.453350842	391202.521704523	393041.914182764	393038.250294574	5.37419012054972
493	391202.521704523	391198.526713346	393038.250294574	393034.655581101	5.37419012054354
494	391198.526713346	391194.469660896	393034.655581101	393031.131114102	5.3741550231988
495	391194.469660896	391209.063620533	393031.131114102	393018.158239743	19.5263700415099
496	391209.063620533	391213.732057555	393018.158239743	393016.790014835	4.86480663889603
497	391213.732057555	391218.18729375	393016.790014835	393012.976052789	5.86476223191783
498	391213.324651472	391210.213615573	392975.353010959	392978.846681379	4.67806341993603
499	391210.213615573	391209.498828588	392978.846681379	392979.747970581	1.15032285035835
500	391209.498828588	391208.54954759	392979.747970581	392979.78286575	0.949922147667825
501	391208.54954759	391207.920660983	392979.78286575	392979.290203436	0.79888329535803
502	391207.920660983	391206.943081641	392979.290203436	392978.351731462	1.35513505490859
503	391206.943081641	391203.024122018	392978.351731462	392973.347256755	6.35633633649286
504	391203.024122018	391197.72719933	392973.347256755	392968.204847906	7.38253064567074
505	391197.72719933	391202.225659612	392968.204847906	392963.978696267	6.1722364331677
506	391198.81950336	391197.837213363	393139.066603967	393136.277006083	2.95749048901101
507	391197.837213363	391196.888699934	393136.277006083	393135.34855691	1.32728881237014
508	391196.888699934	391195.079692059	393135.34855691	393135.458806832	1.81236434934035
509	391195.079692059	391194.148593047	393135.458806832	393132.839640534	2.77974413684502
510	391194.148593047	391192.571505316	393132.839640534	393128.402033439	4.70951828173573
511	391192.571505316	391196.203454061	393128.402033439	393127.919114825	3.66391349149649
512	391196.203454061	391199.978651683	393127.919114825	393124.197268586	5.30134478339647
513	391203.024122017	391199.063391767	392973.347256757	392977.391295662	5.66053308277047
514	391199.825545294	391198.812080943	393109.363275293	393105.344921782	4.14418567800005
515	391198.812080943	391200.165043741	393105.344921782	393101.845045411	3.75228502969802
516	391205.502209223	391199.825545294	393107.141933487	393109.363275293	6.09580780441532
517	391202.225659612	391199.704906276	392963.978696267	392962.41990985	2.96378347359054
518	391199.704906276	391199.124299156	392962.41990985	392961.546711801	1.04860834530587
519	391199.124299156	391200.789089941	392961.546711801	392957.222683001	4.6334386174571
520	391205.426471509	391202.225659612	392961.448903928	392963.978696267	4.07983407530769
521	391205.50220922	391204.888065251	393107.141933488	393104.0380531	3.1640553538654
522	391204.888065251	391206.573218941	393104.0380531	393101.040194491	3.43902590791488
523	391212.944162078	391208.700386632	393109.296442252	393109.816831692	4.27556255994681
524	391208.700386632	391205.502209223	393109.816831692	393107.141933487	4.16934277088496
525	391205.502209223	391210.784115026	393107.141933487	393104.239394872	6.02687807435191
526	391209.063620531	391207.005692308	393018.158239743	393014.943223693	3.81724989654154
527	391207.005692308	391207.523718117	393014.943223693	393012.242879921	2.74958310053221
528	391207.523718117	391211.308245437	393012.242879921	393007.63182856	5.96526962397394
529	391210.881576486	391211.181267744	392969.914601945	392972.076811062	2.18287954634245
530	391211.181267744	391213.324651472	392972.076811062	392975.353010959	3.91504528329472
531	391213.324651472	391214.741614361	392975.353010959	392974.83441842	1.50888105998939
532	391214.741614361	391215.462194353	392974.83441842	392973.342626653	1.65670703461717
533	391215.462194353	391215.601984814	392973.342626653	392971.364844559	1.98271616327142
534	391215.601984814	391216.127172768	392971.364844559	392969.667757701	1.77649266608642
535	391214.898018887	391218.489085655	393064.638980545	393062.361758661	4.25223471066527
536	391218.489085655	391219.512707992	393062.361758661	393061.990304077	1.08893580961525
537	391219.512707992	391220.57739087	393061.990304077	393062.706026976	1.28289083725326
538	391220.57739087	391221.896346488	393062.706026976	393064.29661074	2.06630119602112
539	391222.37499217	391220.959190986	393065.007200778	393065.882531569	1.66454107435278
540	391220.959190986	391216.879173191	393065.882531569	393068.363507701	4.77512175418516
541	391222.37499217	391223.395759978	393065.007200778	393066.378868852	1.70980707129684
542	391223.395759978	391223.877021616	393066.378868852	393067.297799615	1.03732661767953
543	391223.877021616	391223.848791254	393067.297799615	393067.951080261	0.653890323451334
544	391223.848791254	391218.755920049	393067.951080261	393071.018285571	5.94517329654453
545	391225.001655551	391223.625412592	393080.468733543	393079.41362548	1.7341561947307
546	391223.625412592	391222.650469474	393079.41362548	393078.944897529	1.0817670617134
547	391222.650469474	391221.839088793	393078.944897529	393079.16361574	0.840342945001589
548	391221.839088793	391219.52585357	393079.16361574	393080.929331831	2.91012207810918
549	391220.179089669	391217.856343143	393055.989873447	393053.309631771	3.54666700849912
550	391217.856343143	391214.1218381	393053.309631771	393049.444998342	5.37419012059039
551	391214.1218381	391210.320454691	393049.444998342	393045.64612962	5.37419011484873
552	391210.320454691	391226.422060653	393045.64612962	393030.756664462	21.9307520902936
553	391226.422060653	391230.171987239	393030.756664462	393034.179716762	5.07732571812593
554	391230.171987239	391231.930310317	393034.179716762	393034.941151421	1.91611137168099
555	391231.930310317	391233.998254484	393034.941151421	393034.242963716	2.18262666218476
556	391233.998254484	391237.930980305	393034.242963716	393030.569076598	5.38180071529203
557	391220.179089669	391225.534823473	393055.989873448	393062.340002204	8.30710658398417
558	391225.534823473	391221.896346488	393062.340002204	393064.29661074	4.13120221379524
559	391221.896346488	391222.37499217	393064.29661074	393065.007200778	0.856761280292312
560	391225.001655551	391226.056089156	393080.468733543	393081.431747504	1.4280147465953
561	391226.056089156	391226.231074782	393081.431747504	393082.237357192	0.824394892582664
562	391226.231074782	391226.354051	393082.237357192	393083.183234304	0.953837859022712
563	391226.354051	391223.221145648	393083.183234304	393085.543851566	3.92270439844872
564	391234.807723456	391229.839933797	393073.334594341	393076.954418823	6.14671158963272
565	391229.839933797	391225.001655551	393076.954418823	393080.468733543	5.97991173358234
566	391225.534823474	391234.143091566	393062.340002204	393056.829431124	10.220991789871
567	391234.143091566	391233.885848228	393056.829431124	393056.009451937	0.859383500736266
568	391233.885848228	391233.987135691	393056.009451937	393055.257160345	0.759079567093843
569	391233.987135691	391234.320280431	393055.257160345	393054.642753311	0.698914459098346
570	391234.320280431	391235.981680176	393054.642753311	393053.394374461	2.07814794119218
571	391234.807723459	391225.534823475	393073.334594338	393062.340002206	14.3828971438533
572	391226.422060653	391226.477414031	393030.756664462	393029.832019602	0.926300228627542
573	391226.477414031	391226.850567168	393029.832019602	393028.912316597	0.992520468473212
574	391226.850567168	391227.908327602	393028.912316597	393027.526605337	1.74328793720339
575	391227.908327602	391231.339106128	393027.526605337	393024.441036715	4.61421445324177
576	391234.143091567	391234.649245276	393056.829431125	393057.444003139	0.796172303931522
577	391234.649245276	391235.166230598	393057.444003139	393057.883102292	0.678293365082707
578	391235.166230598	391235.536943621	393057.883102292	393057.900280868	0.371110830568717
579	391235.536943621	391235.92937874	393057.900280868	393057.784537576	0.409147690539003
580	391235.92937874	391237.83633334	393057.784537576	393056.320227599	2.40430438107671
581	391245.121907427	391234.807723459	393085.563804861	393073.334594339	15.9979992786715
582	391234.807723459	391239.510597898	393073.334594338	393070.069116241	5.72541484898952
583	391237.834933529	391239.378975922	393094.22661774	393091.919155746	2.77640914927866
584	391239.378975922	391239.542077602	393091.919155746	393091.476852972	0.471416908929972
585	391239.542077602	391239.421192357	393091.476852972	393090.895767559	0.593526326225999
586	391239.421192357	391239.052783386	393090.895767559	393090.423869809	0.598675751295499
587	391239.052783386	391238.32106847	393090.423869809	393090.303220461	0.741594892104689
588	391238.32106847	391237.486721626	393090.303220461	393090.900113331	1.02587316612241
589	391237.486721626	391236.136760001	393090.900113331	393092.017842982	1.75263115476476
590	391245.121907426	391239.052783389	393085.563804861	393090.42386981	7.77524905601243
591	391240.381403344	391239.26174584	393064.463450367	393065.899936702	1.82129786608681
592	391239.26174584	391238.532233074	393065.899936702	393067.346462044	1.62006927107975
593	391238.532233074	391238.558162744	393067.346462044	393068.690507396	1.34429544915964
594	391238.558162744	391239.5105979	393068.690507396	393070.06911624	1.6756178177517
595	391239.5105979	391240.830568245	393070.06911624	393071.104541867	1.67762568609574
596	391240.830568245	391242.406338612	393071.104541867	393071.759266571	1.70637530590145
597	391242.406338612	391244.583513833	393071.759266571	393071.669392593	2.17902943497274
598	391244.583513833	391246.474807484	393071.669392593	393070.230087677	2.37667631709811
599	391245.121907426	391252.447136184	393085.563804861	393097.386506027	13.9080997702763
600	391252.447136184	391244.752621515	393097.386506027	393101.809405837	8.87511119547142
601	391244.752621515	391243.085243961	393101.809405837	393107.588785211	6.01509549826803
602	391254.785243563	391245.121907427	393080.039924141	393085.563804861	11.1307377780787
603	391256.510724268	391251.703237625	393103.94501623	393107.897685734	6.22378695218883
604	391251.703237625	391248.459196727	393107.897685734	393113.175534585	6.19511822698703
605	391256.510724267	391252.447136186	393103.94501623	393097.386506029	7.71536156984115
606	391254.335077233	391259.855406176	393118.514853023	393115.360837412	6.35781771636821
607	391259.855406176	391261.073542802	393115.360837412	393112.464848163	3.1417527862411
608	391254.785243562	391254.395812678	393080.03992414	393079.098407732	1.01887661646556
609	391254.395812678	391254.628383566	393079.098407732	393078.247465499	0.882151859083344
610	391254.628383566	391255.035690519	393078.247465499	393077.642179009	0.729568837488437
611	391255.035690519	391257.56004965	393077.642179009	393075.893633107	3.07079823459071
612	391254.785243565	391255.452440209	393080.039924142	393080.443669003	0.779846955645652
613	391255.452440209	391256.148342241	393080.443669003	393080.591969193	0.711528344495272
614	391256.148342241	391256.919187323	393080.591969193	393080.407460242	0.792619513959336
615	391256.919187323	391259.115094656	393080.407460242	393078.726953618	2.76516030775785
616	391256.510724267	391265.742253638	393103.94501623	393096.350454492	11.9540161663894
617	391261.073542802	391260.733603757	393112.464848163	393109.537489418	2.94703033104503
618	391260.733603757	391256.510724268	393109.537489418	393103.94501623	7.007743398352
619	391261.073542802	391265.2387916	393112.464848163	393112.123006674	4.17925270315638
620	391265.742253639	391264.574215216	393096.350454491	393094.909726723	1.85472646464082
621	391264.574215216	391264.409768311	393094.909726723	393094.348326573	0.58498966905615
622	391264.409768311	391263.952381111	393094.348326573	393093.432387131	1.02379104920361
623	391263.952381111	391263.773787397	393093.432387131	393091.387018358	2.0531510255032
624	391263.773787397	391265.683701166	393091.387018358	393089.056084762	3.01347341650145
625	391265.742253638	391268.95672873	393096.350454492	393097.385165847	3.37690356737025
626	391268.95672873	391269.771100489	393097.385165847	393097.840800402	0.933168907658446
627	391269.771100489	391271.126194628	393097.840800402	393098.212855544	1.40524202717268
628	391271.126194628	391272.231349209	393098.212855544	393098.403529111	1.12148252581694
629	391272.231349209	391273.647847601	393098.403529111	393097.487441698	1.68691548271052
630	391265.742253638	391268.969018701	393096.350454492	393093.56978051	4.25959629200184
631	391272.288363375	391278.528681699	393112.459138222	393112.51940798	6.2406093637472
632	391274.819778834	391270.644386005	393116.957390778	393116.82864623	4.17737721957462
633	391270.644386005	391268.096611709	393116.82864623	393116.133288497	2.64096123434343
634	391268.096611709	391266.778561841	393116.133288497	393114.96203011	1.76326449000574
635	391266.778561841	391265.238791601	393114.96203011	393112.123006673	3.22969758128255
636	391265.238791601	391272.288363375	393112.123006673	393112.459138222	7.05758079052214
637	391272.288363375	391271.914686387	393112.459138222	393109.377989193	3.10372579851586
638	391271.914686387	391272.248665955	393109.377989193	393107.830954837	1.58267420895587
639	391272.248665955	391273.293774624	393107.830954837	393106.909768138	1.39313928373597
640	391273.293774624	391277.687557475	393106.909768138	393106.53803563	4.40947987818652