65	391490.447040648	391487.644308051	393343.075914612	393346.928756181	4.764420023
0	391469.390590536	391466.245247276	393441.359802287	393442.959903192	3.528952695
1	391466.245247276	391466.10551463	393442.959903192	393443.031661939	0.157081284
2	391466.10551463	391468.099876021	393443.031661939	393446.568130626	4.060060114
3	391468.099876021	391468.29248387	393446.568130626	393446.886401292	0.372013440
4	391468.29248387	391468.416877187	393446.886401292	393447.057431413	0.211482859
5	391468.416877187	391468.511035489	393447.057431413	393447.165852879	0.143600139
6	391468.511035489	391468.681917621	393447.165852879	393447.325756903	0.234029912
7	391468.681917621	391469.259192908	393447.325756903	393447.847219503	0.777926731
8	391469.259192908	391469.920181081	393447.847219503	393448.406854773	0.866081405
9	391469.920181081	391470.286619651	393448.406854773	393448.727748485	0.487083154
10	391470.286619651	391470.608489956	393448.727748485	393449.05296304	0.457564203
11	391470.608489956	391470.880527228	393449.05296304	393449.39438466	0.436546675
12	391470.880527228	391471.273412664	393449.39438466	393449.993856123	0.716746119
13	391471.273412664	391471.512370692	393449.993856123	393450.432183695	0.499231409
14	391471.512370692	391471.633410439	393450.432183695	393450.761409119	0.350770580
15	391471.633410439	391471.679000497	393450.761409119	393450.922690074	0.167600715
16	391471.679000497	391471.690201358	393450.922690074	393451.028271989	0.106174384
17	391471.690201358	391471.683692047	393451.028271989	393451.099760652	0.071784399
18	391471.683692047	391471.657313698	393451.099760652	393451.196353522	0.100129915
19	391471.657313698	391471.619220467	393451.196353522	393451.262602339	0.076419892
20	391471.619220467	391471.274537177	393451.262602339	393451.685219695	0.545354930
22	391500.896648406	391497.592964009	393444.59767477	393443.114834452	3.621207809
23	391497.592964009	391493.573819585	393443.114834452	393441.414460348	4.364034142
24	391493.573819585	391487.301584334	393441.414460348	393438.631074826	6.862082045
25	391487.301584334	391484.717683531	393438.631074826	393437.581912475	2.788778406
26	391484.717683531	391483.029131166	393437.581912475	393437.173275825	1.737294736
27	391483.029131166	391481.829412183	393437.173275825	393437.14730734	1.200000000
28	391481.829412183	391477.276322736	393437.14730734	393437.772650515	4.595832633
29	391477.276322736	391473.7426198	393437.772650515	393439.364345332	3.875635281
30	391473.7426198	391469.390590536	393439.364345332	393441.359802287	4.787693304
31	391470.039454035	391471.274537177	393457.130565105	393451.685219695	5.583656239
32	391471.274537177	391472.973597013	393451.685219695	393450.785198765	1.922717347
33	391472.973597013	391474.879641576	393450.785198765	393449.849988029	2.123116812
34	391474.879641576	391479.274600702	393449.849988029	393453.565166663	5.754843004
35	391475.040602559	391479.858584348	393370.681778695	393371.290035616	4.856225386
36	391479.858584348	391480.31429696	393371.290035616	393371.765538524	0.658617491
37	391480.31429696	391480.394922466	393371.765538524	393371.825784086	0.100647901
38	391480.394922466	391480.505677908	393371.825784086	393371.855334585	0.114629839
39	391480.505677908	391480.599526387	393371.855334585	393371.870081213	0.094999999
40	391480.599526387	391480.757304419	393371.870081213	393371.86450514	0.157876534
41	391480.757304419	391480.858448598	393371.86450514	393371.832821468	0.105990565
42	391480.858448598	391481.098148282	393371.832821468	393371.673093382	0.288043399
43	391481.098148282	391483.287668632	393371.673093382	393374.765450838	3.789020189
44	391483.287668632	391481.179615288	393374.765450838	393376.707765976	2.866439777
45	391489.500385041	391485.752620641	393365.118907891	393368.007160478	4.731568555
46	391485.752620641	391483.508519679	393368.007160478	393369.675030638	2.796029327
47	391483.508519679	391481.802456317	393369.675030638	393371.088333438	2.215418019
48	391481.802456317	391481.098148282	393371.088333438	393371.673093382	0.915420122
49	391490.998838398	391490.901532709	393384.218014874	393384.238154456	0.099368002
50	391490.901532709	391490.809659988	393384.238154456	393384.223718283	0.092999999
51	391490.809659988	391490.721357503	393384.223718283	393384.186560899	0.095801878
52	391490.721357503	391490.220569437	393384.186560899	393383.708024261	0.692665864
53	391490.220569437	391485.34287057	393383.708024261	393382.423297924	5.044052735
54	391507.671288161	391488.413101717	393371.394083682	393355.038464871	25.26626232
55	391488.413101717	391485.582054579	393355.038464871	393358.501637963	4.473074531
56	391485.582054579	391485.097715022	393358.501637963	393359.550504238	1.155294450
57	391485.097715022	391485.040065695	393359.550504238	393360.362892916	0.814431586
58	391485.040065695	391485.603892056	393360.362892916	393361.129070303	0.951277011
59	391485.603892056	391486.196211266	393361.129070303	393361.692475976	0.817476604
60	391486.196211266	391489.033565401	393361.692475976	393364.5981321	4.061208687
61	391489.033565401	391489.500385041	393364.5981321	393365.118907891	0.699376865
62	391488.413101717	391486.090261926	393355.038464871	393352.160865382	3.698129731
63	391486.090261926	391486.225446336	393352.160865382	393349.178196827	2.985730486
64	391486.225446336	391487.644308051	393349.178196827	393346.928756181	2.659539769
66	391496.507797825	391496.208672978	393453.692828182	393453.9264097	0.379520750
67	391496.208672978	391495.860585657	393453.9264097	393453.972887834	0.351176593
68	391495.860585657	391495.326710709	393453.972887834	393453.961331858	0.533999999
69	391495.326710709	391494.691491632	393453.961331858	393453.733532114	0.674830349
70	391494.691491632	391492.39558841	393453.733532114	393452.456548796	2.627138747
71	391492.39558841	391488.932714041	393452.456548796	393455.740379806	4.772320714
72	391489.500385041	391490.759787583	393365.118907891	393366.522414299	1.885716044
73	391490.759787583	391491.738925066	393366.522414299	393367.506329838	1.388092216
74	391491.738925066	391493.119270835	393367.506329838	393368.797245234	1.889925130
75	391493.119270835	391494.139389881	393368.797245234	393369.66207882	1.337378031
76	391494.139389881	391497.114659195	393369.66207882	393371.928393562	3.740108287
77	391497.114659195	391499.294652411	393371.928393562	393373.53526617	2.708211586
78	391490.998838398	391491.389476892	393384.218014874	393384.572955104	0.527807730
79	391491.389476892	391491.947561194	393384.572955104	393384.989635932	0.696477566
80	391491.947561194	391494.26079216	393384.989635932	393386.727781926	2.893473518
81	391494.26079216	391493.612868412	393386.727781926	393387.771861816	1.228783137
82	391499.294652411	391496.544486647	393373.53526617	393376.226991504	3.848219978
83	391496.544486647	391496.216712717	393376.226991504	393376.586469251	0.486477131
84	391496.216712717	391495.996080332	393376.586469251	393376.869653556	0.358987465
85	391495.996080332	391495.819182864	393376.869653556	393377.170844999	0.349297867
86	391495.819182864	391494.381894342	393377.170844999	393380.120491538	3.281190789
87	391494.381894342	391493.686428726	393380.120491538	393381.480015196	1.527081202
88	391493.686428726	391493.287191368	393381.480015196	393382.075257611	0.716731470
89	391493.287191368	391492.99311834	393382.075257611	393382.452178099	0.478066940
90	391492.99311834	391492.476590938	393382.452178099	393382.969266528	0.730876870
91	391492.476590938	391491.410356699	393382.969266528	393383.918260493	1.427390976
92	391491.410356699	391491.091430016	393383.918260493	393384.150570138	0.394565583
93	391491.091430016	391490.998838398	393384.150570138	393384.218014874	0.114551298
94	391496.507797825	391497.19122627	393453.692828182	393454.188733982	0.844391496
95	391497.19122627	391498.79460777	393454.188733982	393455.343702277	1.976052630
96	391498.79460777	391497.844044796	393455.343702277	393459.934206719	4.687888757
97	391500.896648406	391498.827217741	393444.59767477	393448.938908089	4.809246302
98	391498.827217741	391498.486812347	393448.938908089	393449.554685782	0.703603581
99	391498.486812347	391497.758743952	393449.554685782	393451.398361841	1.982227282
100	391497.758743952	391496.726357117	393451.398361841	393453.484509109	2.327623895
101	391496.726357117	391496.507797825	393453.484509109	393453.692828182	0.301935423
102	391505.853597188	391499.824924364	393378.013578729	393387.998896719	11.66411039
103	391499.824924364	391499.229685417	393387.998896719	393390.678985261	2.745393232
104	391499.294652411	391499.778193707	393373.53526617	393373.891644922	0.600681279
105	391499.778193707	391499.895018068	393373.891644922	393373.972762544	0.142225173
106	391499.895018068	391503.064616198	393373.972762544	393376.168385621	3.855789543
107	391503.064616198	391505.306661195	393376.168385621	393377.676695678	2.702177825
108	391514.768101458	391512.417600747	393452.397685233	393450.870461801	2.803081340
109	391512.417600747	391509.828904806	393450.870461801	393449.211052773	3.074895933
110	391509.828904806	391507.547353167	393449.211052773	393448.010397903	2.578187347
111	391507.547353167	391505.150919431	393448.010397903	393446.618212086	2.771475419
112	391505.150919431	391503.161351306	393446.618212086	393445.513898418	2.275497747
113	391503.161351306	391500.896648406	393445.513898418	393444.59767477	2.443019647
114	391508.75207386	391508.394945157	393460.836472168	393461.346863283	0.622928567
115	391508.394945157	391507.827398054	393461.346863283	393462.197780603	1.022824520
116	391507.827398054	391507.681336964	393462.197780603	393462.337652537	0.202232539
117	391507.681336964	391507.535379769	393462.337652537	393462.426514774	0.170880074
118	391507.535379769	391507.391413491	393462.426514774	393462.423398556	0.144000000
119	391507.391413491	391507.209321962	393462.423398556	393462.379447729	0.187320580
120	391507.209321962	391506.911768353	393462.379447729	393462.2169705	0.339023598
121	391506.911768353	391506.449517481	393462.2169705	393461.853882176	0.587800136
122	391506.449517481	391501.77818686	393461.853882176	393463.020065792	4.814697705
123	391509.916844822	391514.069933827	393380.515736526	393382.978259767	4.828267701
124	391514.069933827	391512.077900359	393382.978259767	393386.366106083	3.930101779
125	391512.077900359	391509.425836844	393386.366106083	393391.01680486	5.353731409
126	391509.425836844	391508.644905772	393391.01680486	393392.379095454	1.570251253
127	391508.644905772	391504.536047089	393392.379095454	393395.561866153	5.197379050
128	391505.306661195	391509.916844822	393377.676695678	393380.515736526	5.414235495
129	391505.306661195	391505.853597188	393377.676695678	393378.013578729	0.642362179
130	391505.853597188	391509.916844822	393378.013578729	393380.515736526	4.771873318
131	391518.359990192	391509.913870768	393378.108056716	393372.813106321	9.968622422
132	391509.913870768	391507.671288161	393372.813106321	393371.394083682	2.653827801
133	391507.671288161	391510.605152392	393371.394083682	393366.476211894	5.726519208
134	391508.75207386	391510.453920796	393460.836472168	393463.495923617	3.157366782
135	391510.453920796	391511.910634858	393463.495923617	393465.742973714	2.677918968
136	391511.910634858	391511.624362222	393465.742973714	393470.234830566	4.500969895
137	391514.768101458	391514.568079066	393452.397685233	393452.350345582	0.205548047
138	391514.568079066	391514.362257149	393452.350345582	393452.339889063	0.206087360
139	391514.362257149	391514.157612429	393452.339889063	393452.367466927	0.206494551
140	391514.157612429	391513.962207953	393452.367466927	393452.430252999	0.205243757
141	391513.962207953	391513.78104255	393452.430252999	393452.52835548	0.206021843
142	391513.78104255	391513.620223018	393452.52835548	393452.656905384	0.205883462
143	391513.620223018	391513.485812871	393452.656905384	393452.813033257	0.206014562
144	391513.485812871	391513.426541003	393452.813033257	393452.894269613	0.100560926
145	391513.426541003	391512.354730545	393452.894269613	393454.884041169	2.260081525
146	391512.354730545	391511.519367222	393454.884041169	393456.093246742	1.469697247
147	391511.519367222	391510.90874783	393456.093246742	393457.224297562	1.285352869
148	391510.90874783	391510.323325961	393457.224297562	393458.438913236	1.348336011
149	391510.323325961	391509.075171551	393458.438913236	393460.37335568	2.302163547
150	391509.075171551	391508.75207386	393460.37335568	393460.836472168	0.564684867
151	391509.548382215	391512.777472981	393415.965787196	393418.658473368	4.204472142
152	391512.777472981	391513.143963359	393418.658473368	393418.926588647	0.454093602
153	391513.143963359	391513.541946646	393418.926588647	393419.112422722	0.439232284
154	391513.541946646	391513.878705929	393419.112422722	393419.212573535	0.351336021
155	391513.878705929	391514.157347264	393419.212573535	393419.238803416	0.279873185
156	391514.157347264	391514.748935735	393419.238803416	393419.249897591	0.591692487
157	391514.748935735	391515.212412923	393419.249897591	393419.298052513	0.465972102
158	391515.212412923	391515.526033599	393419.298052513	393419.376257827	0.323224380
159	391515.526033599	391515.814640505	393419.376257827	393419.520070392	0.322453097
160	391515.814640505	391516.183546073	393419.520070392	393419.814073252	0.471729795
161	391516.183546073	391517.5369672	393419.814073252	393420.961311786	1.774233637
162	391517.5369672	391517.84318579	393420.961311786	393421.240071854	0.414097814
163	391517.84318579	391517.962408715	393421.240071854	393421.38763504	0.189707669
164	391517.962408715	391518.007408738	393421.38763504	393421.503957858	0.124723694
165	391509.548382215	391506.945158606	393415.965787196	393418.894267833	3.918261349
166	391506.945158606	391506.566241755	393418.894267833	393419.343408144	0.587626582
167	391506.566241755	391505.074232523	393419.343408144	393421.113657972	2.315140600
168	391505.074232523	391501.209552166	393421.113657972	393425.463475901	5.818648492
169	391501.209552166	391501.343483304	393425.463475901	393427.114948462	1.656894434
170	391501.343483304	391501.907205983	393427.114948462	393428.459283413	1.457744737
171	391501.907205983	391505.589433951	393428.459283413	393432.508374083	5.473019100
172	391505.589433951	391510.736693579	393432.508374083	393437.186681016	6.955633503
173	391510.736693579	391514.79909696	393437.186681016	393440.381253105	5.168018194
174	391514.79909696	391516.663491187	393440.381253105	393442.08966499	2.528761950
175	391520.217852873	391517.898045577	393403.600213174	393406.315444676	3.571272602
176	391517.898045577	391511.687446874	393406.315444676	393413.466277967	9.471322663
177	391511.687446874	391509.548382215	393413.466277967	393415.965787196	3.289854708
178	391510.605152392	391510.256217914	393366.476211894	393366.280569414	0.400039060
179	391510.256217914	391510.101215527	393366.280569414	393366.188443088	0.180313615
180	391510.101215527	391510.003434251	393366.188443088	393366.024269941	0.191086367
181	391510.003434251	391509.959250378	393366.024269941	393365.847714609	0.181999999
182	391509.959250378	391509.932788607	393365.847714609	393365.741975427	0.109000000
183	391509.932788607	391509.954808281	393365.741975427	393365.529266391	0.213845738
184	391509.954808281	391510.467299326	393365.529266391	393364.574280565	1.083810407
185	391510.467299326	391510.507064837	393364.574280565	393360.490456046	4.084018119
186	391510.605152392	391511.577718632	393366.476211894	393364.954067303	1.806324790
187	391511.577718632	391515.115707419	393364.954067303	393362.429634624	4.346277142
188	391529.21457766	391528.047150259	393465.37835264	393464.368852634	1.543365478
189	391528.047150259	391526.515765027	393464.368852634	393462.89136684	2.127934444
190	391526.515765027	391522.540537492	393462.89136684	393459.485543731	5.234698176
191	391522.540537492	391519.635782028	393459.485543731	393456.392959425	4.242838908
192	391519.635782028	391517.212164576	393456.392959425	393454.130981651	3.315187023
193	391517.212164576	391514.768101458	393454.130981651	393452.397685233	2.996291207
194	391521.838959625	391521.727470557	393473.367612218	393473.435215381	0.130384048
195	391521.727470557	391521.60584968	393473.435215381	393473.462589867	0.124663547
196	391521.60584968	391521.474231146	393473.462589867	393473.489747949	0.134391219
197	391521.474231146	391521.354259248	393473.489747949	393473.4871511	0.120000000
198	391521.354259248	391521.223722734	393473.4871511	393473.464320891	0.132517923
199	391521.223722734	391521.14439068	393473.464320891	393473.432596684	0.085440037
200	391521.14439068	391521.034931503	393473.432596684	393473.360210992	0.131228807
201	391521.034931503	391520.21492908	393473.360210992	393472.658301434	1.079389179
202	391520.21492908	391516.558270105	393472.658301434	393473.342330043	3.720087364
203	391516.663491187	391521.954830578	393442.08966499	393446.940237888	7.178184310
204	391521.954830578	391525.920320173	393446.940237888	393450.516979041	5.340242035
205	391525.920320173	391528.583830843	393450.516979041	393452.903429944	3.576232235
206	391516.663491187	391519.16879626	393442.08966499	393439.204346552	3.821206092
207	391519.16879626	391519.374416824	393439.204346552	393438.947416243	0.329079017
208	391519.374416824	391519.529068683	393438.947416243	393438.663968183	0.322893171
209	391519.529068683	391519.608994645	393438.663968183	393438.415805252	0.260716320
210	391519.608994645	391519.639925693	393438.415805252	393438.025707482	0.391322117
211	391519.639925693	391519.648122609	393438.025707482	393437.553993786	0.471784908
212	391519.648122609	391519.700721317	393437.553993786	393437.201479423	0.356416890
213	391519.700721317	391519.839019261	393437.201479423	393436.812914527	0.412442723
214	391519.839019261	391520.049883987	393436.812914527	393436.487453212	0.387800206
215	391520.049883987	391520.31830638	393436.487453212	393436.168001465	0.417252920
216	391520.31830638	391520.742167401	393436.168001465	393435.69135292	0.637849512
217	391520.742167401	391521.90793574	393435.69135292	393434.397099012	1.741869398
218	391521.90793574	391522.007509411	393434.397099012	393434.28690335	0.148519358
219	391522.007509411	391522.059523226	393434.28690335	393434.242175695	0.068600291
220	391522.059523226	391522.127822749	393434.242175695	393434.215358254	0.073375745
221	391522.127822749	391522.197931413	393434.215358254	393434.214477794	0.070114192
222	391522.197931413	391522.273491612	393434.214477794	393434.234268104	0.078108898
223	391522.273491612	391522.416074053	393434.234268104	393434.309529299	0.161226548
224	391522.416074053	391522.549492297	393434.309529299	393434.411492882	0.167919623
225	391522.549492297	391522.99537788	393434.411492882	393434.868574982	0.638543655
226	391522.99537788	391526.239832575	393434.868574982	393433.885435251	3.390140115
227	391518.007408738	391518.021423771	393421.503957858	393421.61111932	0.108074048
228	391518.021423771	391518.013455522	393421.61111932	393421.687188414	0.076485292
229	391518.013455522	391517.979971261	393421.687188414	393421.769655402	0.089005617
230	391517.979971261	391517.887872779	393421.769655402	393421.912829665	0.170238068
231	391517.887872779	391517.457630738	393421.912829665	393422.403919052	0.652898920
232	391517.457630738	391519.22168578	393422.403919052	393423.764937351	2.228062162
233	391518.007408738	391518.644263672	393421.503957858	393420.902197281	0.876184912
234	391518.644263672	391518.936855828	393420.902197281	393420.625822842	0.402483540
235	391518.936855828	391519.398853547	393420.625822842	393420.125242572	0.681191969
236	391519.398853547	391520.237831875	393420.125242572	393419.122472476	1.307452676
237	391520.237831875	391523.642715188	393419.122472476	393417.326420521	3.849549713
238	391518.359990192	391523.29684393	393378.108056716	393381.403344603	5.935608401
239	391523.29684393	391533.497026278	393381.403344603	393388.289484561	12.30701602
240	391518.359990192	391522.253804135	393378.108056716	393373.668962329	5.904857830
241	391520.217852873	391524.220442308	393403.600213174	393406.811288977	5.131445215
242	391524.220442308	391524.449186777	393406.811288977	393407.02396001	0.312334756
243	391524.449186777	391524.687757332	393407.02396001	393407.180475473	0.285329633
244	391524.687757332	391524.797412389	393407.180475473	393407.225484011	0.118532695
245	391524.797412389	391525.048758276	393407.225484011	393407.271334254	0.255493639
246	391525.048758276	391525.696421074	393407.271334254	393407.334444483	0.650730358
247	391525.696421074	391526.078055381	393407.334444483	393407.345039547	0.381781351
248	391526.078055381	391526.334272271	393407.345039547	393407.421569968	0.267402318
249	391526.334272271	391526.816888035	393407.421569968	393407.599508228	0.514373405
250	391526.816888035	391527.043870395	393407.599508228	393407.717935455	0.256019530
251	391527.043870395	391527.186911145	393407.717935455	393407.830133245	0.181793839
252	391527.186911145	391528.780879693	393407.830133245	393409.165841771	2.079628091
253	391528.780879693	391529.243294741	393409.165841771	393409.568628717	0.613241387
254	391529.243294741	391529.323953322	393409.568628717	393409.679616073	0.137200583
255	391530.749900051	391526.024393117	393391.430250469	393396.833574836	7.178184310
256	391526.024393117	391522.541364198	393396.833574836	393400.881623076	5.340242035
257	391522.541364198	391520.217852873	393400.881623076	393403.600213174	3.576232235
258	391521.838959625	391524.308838807	393473.367612218	393475.987674971	3.600698821
259	391524.308838807	391524.426554233	393475.987674971	393479.51404819	3.528337427
260	391529.21457766	391525.197456004	393465.37835264	393469.730439681	5.922662239
261	391525.197456004	391521.838959625	393469.730439681	393473.367612218	4.950608245
262	391522.253804135	391523.604441544	393373.668962329	393374.497867384	1.584709752
263	391523.604441544	391523.656832033	393374.497867384	393374.509496516	0.053665631
264	391523.656832033	391523.733717396	393374.509496516	393374.516026519	0.077162166
265	391523.733717396	391523.832671928	393374.516026519	393374.516002761	0.098954535
266	391523.832671928	391524.06646223	393374.516002761	393374.457495544	0.240999999
267	391524.06646223	391524.235966386	393374.457495544	393374.339825066	0.206344372
268	391524.235966386	391524.773468531	393374.339825066	393373.50949655	0.989117788
269	391524.773468531	391527.729772288	393373.50949655	393371.642960162	3.496239408
270	391522.253804135	391523.311447879	393373.668962329	393372.433231893	1.626542344
271	391523.311447879	391522.87836117	393372.433231893	393368.733697341	3.724797981
272	391529.323953322	391529.347858361	393409.679616073	393409.795898269	0.118713941
273	391529.347858361	391529.367740072	393409.795898269	393409.933647017	0.139176147
274	391529.367740072	391529.365412097	393409.933647017	393410.059407028	0.125781556
275	391529.365412097	391529.328580887	393410.059407028	393410.181355632	0.127389167
276	391529.328580887	391529.284434511	393410.181355632	393410.311017105	0.136970799
277	391529.284434511	391528.793305382	393410.311017105	393410.93533848	0.794345642
278	391528.793305382	391527.346744188	393410.93533848	393413.967824211	3.359837644
279	391528.583830843	391531.244070455	393452.903429944	393455.286099289	3.571272602
280	391531.244070455	391538.247711584	393455.286099289	393461.662223811	9.471322663
281	391538.247711584	391540.696514635	393461.662223811	393463.859155221	3.289854708
282	391528.583830843	391531.887630185	393452.903429944	393448.977027022	5.131445215
283	391531.887630185	391532.105592312	393448.977027022	393448.753318481	0.312334756
284	391532.105592312	391532.267644011	393448.753318481	393448.518473326	0.285329633
285	391532.267644011	391532.315204555	393448.518473326	393448.409900794	0.118532695
286	391532.315204555	391532.366920054	393448.409900794	393448.159695864	0.255493639
287	391532.366920054	391532.445158801	393448.159695864	393447.513686035	0.650730358
288	391532.445158801	391532.464675593	393447.513686035	393447.132403863	0.381781351
289	391532.464675593	391532.54717679	393447.132403863	393446.878046727	0.267402318
290	391532.54717679	391532.736352494	393446.878046727	393446.399724082	0.514373405
291	391532.736352494	391532.860055381	393446.399724082	393446.175573249	0.256019530
292	391532.860055381	391532.975567536	393446.175573249	393446.035195395	0.181793839
293	391532.975567536	391534.348186186	393446.035195395	393444.472898674	2.079628091
294	391534.348186186	391534.761676686	393444.472898674	393444.020029371	0.613241388
295	391534.761676686	391534.874519913	393444.020029371	393443.941988318	0.137200583
296	391541.990653698	391539.540401737	393476.603460795	393474.462935082	3.253549600
297	391539.540401737	391536.218761155	393474.462935082	393471.545370199	4.421027143
298	391536.218761155	391532.330794572	393471.545370199	393468.12843285	5.176074284
299	391532.330794572	391529.21457766	393468.12843285	393465.37835264	4.156169991
300	391529.323953322	391531.768342302	393409.679616073	393407.233977605	3.457771681
301	391531.768342302	391534.569018328	393407.233977605	393405.259279198	3.426838192
302	391534.519620586	391534.438626529	393485.026757195	393485.118025824	0.122024587
303	391534.438626529	391534.368452465	393485.118025824	393485.171519757	0.088238313
304	391534.368452465	391534.298862692	393485.171519757	393485.198020012	0.074464756
305	391534.298862692	391534.173588999	393485.198020012	393485.209311683	0.125781556
306	391534.173588999	391534.00783997	393485.209311683	393485.149710849	0.176139149
307	391534.00783997	391533.898359152	393485.149710849	393485.078324923	0.130698125
308	391533.898359152	391533.735406042	393485.078324923	393484.935765167	0.216510969
309	391533.735406042	391532.646566306	393484.935765167	393483.899959669	1.502819017
310	391532.646566306	391529.338821712	393483.899959669	393483.621313486	3.319460498
311	391534.874519913	391532.486712987	393443.941988318	393441.441075868	3.457771681
312	391532.486712987	391530.578049205	393441.441075868	393438.594986873	3.426838192
313	391530.749900051	391533.693016698	393391.430250469	393393.867396424	3.821206092
314	391533.693016698	391533.954685238	393393.867396424	393394.066952369	0.329079017
315	391533.954685238	391534.241672359	393394.066952369	393394.214933423	0.322893171
316	391534.241672359	391534.491636516	393394.214933423	393394.289034167	0.260716320
317	391534.491636516	391534.882350936	393394.289034167	393394.310834209	0.391322117
318	391534.882350936	391535.354127318	393394.310834209	393394.307997727	0.471784908
319	391535.354127318	391535.707775313	393394.307997727	393394.352338402	0.356416890
320	391535.707775313	391536.099468084	393394.352338402	393394.481511826	0.412442723
321	391536.099468084	391536.429771525	393394.481511826	393394.684707881	0.387800206
322	391536.429771525	391536.755413043	393394.684707881	393394.9455864	0.417252920
323	391536.755413043	391537.241843347	393394.9455864	393395.358184945	0.637849512
324	391537.241843347	391538.563005133	393395.358184945	393396.493367985	1.741869398
325	391538.563005133	391538.675499218	393396.493367985	393396.590337469	0.148519358
326	391538.675499218	391538.721430998	393396.590337469	393396.641291091	0.068600291
327	391538.721430998	391538.74983831	393396.641291091	393396.708944803	0.073375745
328	391538.74983831	391538.75235804	393396.708944803	393396.779013704	0.070114192
329	391538.75235804	391538.734340138	393396.779013704	393396.855016041	0.078108898
330	391538.734340138	391538.662433855	393396.855016041	393396.999319494	0.161226548
331	391538.662433855	391538.563618181	393396.999319494	393397.135085699	0.167919623
332	391538.563618181	391538.11708824	393397.135085699	393397.591538338	0.638543655
333	391538.11708824	391539.175831595	393397.591538338	393400.812114762	3.390140115
334	391533.497026278	391532.769184727	393388.289484561	393389.121693474	1.105588078
335	391532.769184727	391532.414245347	393389.121693474	393389.526414412	0.538313105
336	391532.414245347	391530.749900051	393389.526414412	393391.430250469	2.528761950
337	391533.497026278	391535.903843458	393388.289484561	393385.538013852	3.655592975
338	391535.903843458	391540.185743562	393385.538013852	393380.525587144	6.592350870
339	391540.185743562	391542.116079271	393380.525587144	393378.2755458	2.964604864
340	391542.116079271	391542.739845253	393378.2755458	393377.651906481	0.882048751
341	391542.739845253	391543.424669618	393377.651906481	393376.92916684	0.995659078
342	391543.424669618	391544.118225826	393376.92916684	393376.300020762	0.936400021
343	391544.118225826	391544.998969158	393376.300020762	393375.653411002	1.092617499
344	391544.998969158	391545.265656407	393375.653411002	393375.486918026	0.314391475
345	391534.519620586	391537.075163637	393485.026757195	393487.755699246	3.738706327
346	391537.075163637	391537.185465435	393487.755699246	393490.792797452	3.039100524
347	391541.990653698	391535.744693612	393476.603460795	393483.557924298	9.347544062
348	391535.744693612	391534.937735004	393483.557924298	393484.517686145	1.253923841
349	391534.937735004	391534.519620586	393484.517686145	393485.026757195	0.658766271
350	391534.874519913	391534.991329336	393443.941988318	393443.920809109	0.118713941
351	391534.991329336	391535.129505352	393443.920809109	393443.904154128	0.139176147
352	391535.129505352	391535.255176532	393443.904154128	393443.9094224	0.125781556
353	391535.255176532	391535.376230478	393443.9094224	393443.94909534	0.127389167
354	391535.376230478	391535.504824116	393443.94909534	393443.996261813	0.136970799
355	391535.504824116	391536.117489563	393443.996261813	393444.501856562	0.794345642
356	391536.117489563	391539.11531775	393444.501856562	393446.018937694	3.359837644
357	391540.696514635	391543.563317294	393463.859155221	393466.530150263	3.918261349
358	391543.563317294	391544.003473701	393466.530150263	393466.919466764	0.587626582
359	391544.003473701	391545.738348356	393466.919466764	393468.452465762	2.315140600
360	391545.738348356	391546.421658399	393468.452465762	393469.087107468	0.932567803
361	391546.421658399	391547.262276235	393469.087107468	393469.838187792	1.127279911
362	391540.696514635	391543.463977628	393463.859155221	393460.693916749	4.204472142
363	391543.463977628	391543.740590065	393460.693916749	393460.333796548	0.454093602
364	391543.740590065	391543.935680271	393460.333796548	393459.940267881	0.439232284
365	391543.935680271	391544.043678906	393459.940267881	393459.605942747	0.351336021
366	391544.043678906	391544.07641772	393459.605942747	393459.327991007	0.279873185
367	391544.07641772	391544.101343324	393459.327991007	393458.73682376	0.591692487
368	391544.101343324	391544.160323621	393458.73682376	393458.274599437	0.465972102
369	391544.160323621	391544.245841657	393458.274599437	393457.962893381	0.323224380
370	391544.245841657	391544.396364047	393457.962893381	393457.677728498	0.322453097
371	391544.396364047	391544.698913466	393457.677728498	393457.315799156	0.471729795
372	391544.698913466	391545.877488395	393457.315799156	393455.989576649	1.774233637
373	391545.877488395	391546.163333237	393455.989576649	393455.689960685	0.414097814
374	391546.163333237	391546.313644131	393455.689960685	393455.57422117	0.189707669
375	391546.313644131	391546.430987476	393455.57422117	393455.531953696	0.124723694
376	391553.334905402	391547.792024153	393486.78834009	393481.73220585	7.502534638
377	391547.792024153	391541.990653698	393481.73220585	393476.603460795	7.743379430
378	391545.334286347	391542.097732914	393495.279191857	393494.900062748	3.258683323
379	391546.430987476	391545.844284496	393455.531953696	393454.881200584	0.876184912
380	391545.844284496	391545.574827988	393454.881200584	393454.58222535	0.402483540
381	391545.574827988	391545.08518856	393454.58222535	393454.108647764	0.681191969
382	391545.08518856	391544.102312439	393454.108647764	393453.246448812	1.307452676
383	391544.102312439	391542.386375811	393453.246448812	393449.800495463	3.849549713
384	391550.838818452	391545.265656407	393367.504729795	393375.486918026	9.735269083
385	391545.265656407	391546.752087033	393375.486918026	393374.496558497	1.786137732
386	391546.752087033	391547.677865332	393374.496558497	393374.095828487	1.008786399
387	391547.677865332	391548.389196004	393374.095828487	393373.861739454	0.748858464
388	391548.389196004	391549.046504781	393373.861739454	393373.716050844	0.673260722
389	391549.046504781	391549.882750921	393373.716050844	393373.701306575	0.836376111
390	391549.882750921	391551.422388752	393373.701306575	393373.808751216	1.543382324
391	391551.422388752	391552.729668431	393373.808751216	393374.127694532	1.345624390
392	391552.729668431	391553.595892529	393374.127694532	393374.423508345	0.915341466
393	391553.595892529	391554.124756532	393374.423508345	393374.70961823	0.601295268
394	391554.124756532	391555.202020817	393374.70961823	393375.426649373	1.294075731
395	391553.334905402	391550.698781267	393486.78834009	393489.722980536	3.944776926
396	391550.698781267	391550.425745507	393489.722980536	393490.045147377	0.422303208
397	391550.425745507	391550.328932627	393490.045147377	393490.174082501	0.161235852
398	391550.328932627	391550.242727644	393490.174082501	393490.321251455	0.170557908
399	391550.242727644	391550.183927505	393490.321251455	393490.450009149	0.141548578
400	391550.183927505	391550.124521436	393490.450009149	393490.606760285	0.167630546
401	391550.124521436	391550.08308951	393490.606760285	393490.764900715	0.163477827
402	391550.08308951	391550.050270257	393490.764900715	393490.987242562	0.224750973
403	391550.050270257	391550.016611336	393490.987242562	393491.294586143	0.309181176
404	391550.016611336	391549.981563121	393491.294586143	393491.619903869	0.327200244
405	391549.981563121	391549.938940973	393491.619903869	393491.833031419	0.217347647
406	391549.938940973	391549.878323041	393491.833031419	393492.045769441	0.221205786
407	391549.878323041	391549.848122277	393492.045769441	393492.147139623	0.105773342
408	391549.848122277	391549.789694333	393492.147139623	393492.304912166	0.168243870
409	391549.789694333	391549.71170388	393492.304912166	393492.442256585	0.157943027
410	391549.71170388	391549.567906314	393492.442256585	393492.616185478	0.225674544
411	391549.567906314	391548.009551893	393492.616185478	393494.417883983	2.382138954
412	391548.009551893	391547.362270287	393494.417883983	393495.117040276	0.952781716
413	391547.362270287	391547.033511633	393495.117040276	393495.472008933	0.483823314
414	391547.033511633	391546.951015774	393495.472008933	393495.540239668	0.107056060
415	391546.951015774	391546.880015067	393495.540239668	393495.585713833	0.084314886
416	391546.880015067	391546.79816842	393495.585713833	393495.623951593	0.090338253
417	391546.79816842	391546.727795285	393495.623951593	393495.640432549	0.072277244
418	391546.727795285	391546.657703476	393495.640432549	393495.64391655	0.070178344
419	391546.657703476	391546.587719869	393495.64391655	393495.642401722	0.069999999
420	391546.587719869	391546.518844229	393495.642401722	393495.635909705	0.069180922
421	391546.518844229	391545.334286347	393495.635909705	393495.279191857	1.237103471
422	391545.334286347	391549.629140076	393495.279191857	393499.214055697	5.824853817
423	391549.629140076	391549.922736234	393499.214055697	393503.071312533	3.868414274
424	391546.430987476	391546.538447377	393455.531953696	393455.520448497	0.108074048
425	391546.538447377	391546.614309328	393455.520448497	393455.530193463	0.076485292
426	391546.614309328	391546.695970726	393455.530193463	393455.565597081	0.089005617
427	391546.695970726	391546.836952085	393455.565597081	393455.661018548	0.170238068
428	391546.836952085	391547.317845841	393455.661018548	393456.102627193	0.652898920
429	391547.317845841	391548.719744862	393456.102627193	393454.370882368	2.228062162
430	391552.777517646	391551.164574457	393474.728692283	393473.326702173	2.137091949
431	391551.164574457	391548.290006999	393473.326702173	393470.754911565	3.857103187
432	391548.290006999	391547.262276235	393470.754911565	393469.838187792	1.377175733
433	391547.262276235	391555.322191246	393469.838187792	393461.090300102	11.89486313
434	391555.322191246	391556.440736753	393461.090300102	393459.773922516	1.727424093
435	391556.440736753	391561.722395015	393459.773922516	393459.30808134	5.302162011
436	391555.202020817	391552.735847162	393375.426649373	393379.264330379	4.561776846
437	391552.735847162	391552.405303416	393379.264330379	393379.801357224	0.630600507
438	391552.405303416	391552.220232641	393379.801357224	393380.02451369	0.289913780
439	391552.220232641	391551.937228518	393380.02451369	393380.220650546	0.344326879
440	391551.937228518	391551.451013559	393380.220650546	393380.434741679	0.531262646
441	391551.451013559	391551.017888736	393380.434741679	393380.625801585	0.473393071
442	391551.017888736	391550.719630172	393380.625801585	393380.841439776	0.368046192
443	391550.719630172	391550.372952204	393380.841439776	393381.140938334	0.458132076
444	391550.372952204	391550.063988065	393381.140938334	393381.500191951	0.473837524
445	391550.063988065	391549.721539665	393381.500191951	393381.941912556	0.558916809
446	391549.721539665	391549.529298886	393381.941912556	393382.195868227	0.318512166
447	391549.529298886	391548.690261192	393382.195868227	393383.364862559	1.438934327
448	391548.690261192	391548.419632153	393383.364862559	393383.855121596	0.559994642
449	391548.419632153	391548.34917152	393383.855121596	393384.036450852	0.194537914
450	391548.34917152	391548.322442234	393384.036450852	393384.180556873	0.146563979
451	391548.322442234	391548.325411937	393384.180556873	393384.28774447	0.107228727
452	391548.325411937	391548.337397835	393384.28774447	393384.340860741	0.054451813
453	391548.337397835	391548.395742189	393384.340860741	393384.39567804	0.080056230
454	391548.395742189	391548.509803788	393384.39567804	393384.466388376	0.134201341
455	391548.509803788	391549.04586393	393384.466388376	393384.732744386	0.598586668
456	391549.04586393	391549.916350877	393384.732744386	393386.753621046	2.200384057
457	391555.337110791	391550.838818452	393369.259020259	393367.504729795	4.828267701
458	391550.838818452	391552.253340168	393367.504729795	393363.838010783	3.930101779
459	391552.253340168	391554.113717515	393363.838010783	393358.817907584	5.353731409
460	391554.113717515	391554.662692152	393358.817907584	393357.34674619	1.570251253
461	391554.662692152	391558.199208472	393357.34674619	393353.538097962	5.197379050
462	391563.432397573	391562.54080332	393484.018617296	393483.242931994	1.181790167
463	391562.54080332	391559.042938329	393483.242931994	393480.1779678	4.650705860
464	391559.042938329	391552.777517646	393480.1779678	393474.728692283	8.303619692
465	391552.777517646	391554.970131554	393474.728692283	393472.333177046	3.247468090
466	391554.970131554	391561.735047916	393472.333177046	393464.134299829	10.62947228
467	391561.735047916	391566.133469783	393464.134299829	393462.849609173	4.582198708
468	391561.416835929	391554.928690164	393494.133956536	393501.048169617	9.481686453
469	391554.928690164	391552.857112479	393501.048169617	393506.135531202	5.492966593
470	391561.416835929	391559.79840615	393494.133956536	393492.657587324	2.190657663
471	391559.79840615	391558.037278262	393492.657587324	393491.027093974	2.400016666
472	391558.037278262	391553.334905402	393491.027093974	393486.78834009	6.330824985
473	391558.516605929	391556.141235946	393377.78695667	393381.31687203	4.254725020
474	391556.141235946	391555.990680054	393381.31687203	393381.587025548	0.309273341
475	391555.990680054	391555.898352327	393381.587025548	393381.8246294	0.254911749
476	391555.898352327	391555.831111099	393381.8246294	393382.18041391	0.362082863
477	391555.831111099	391555.629141138	393382.18041391	393383.794152778	1.626328687
478	391555.629141138	391555.561238018	393383.794152778	393384.09978191	0.313081459
479	391555.561238018	391555.4852533	393384.09978191	393384.318787213	0.231812424
480	391555.4852533	391555.384800515	393384.318787213	393384.566188179	0.267016853
481	391555.384800515	391555.256788095	393384.566188179	393384.798082164	0.264881105
482	391555.256788095	391553.966071074	393384.798082164	393386.734351405	2.327034378
483	391553.966071074	391553.367839115	393386.734351405	393391.453326243	4.756743108
484	391555.202020817	391555.915209915	393375.426649373	393375.901452818	0.856782936
485	391555.915209915	391558.516605929	393375.901452818	393377.78695667	3.212847024
486	391559.753203963	391555.337110791	393371.067029127	393369.259020259	4.771873318
487	391555.337110791	391560.347647723	393369.259020259	393371.310474781	5.414235495
488	391565.027043231	391564.237735609	393391.903225552	393391.32303724	0.979604512
489	391564.237735609	391564.110596705	393391.32303724	393391.273633807	0.136400146
490	391564.110596705	391563.970514011	393391.273633807	393391.22543797	0.148141823
491	391563.970514011	391563.840771294	393391.22543797	393391.223481562	0.129757466
492	391563.840771294	391563.708955982	393391.223481562	393391.263900906	0.137873130
493	391563.708955982	391563.541891461	393391.263900906	393391.367869391	0.196773982
494	391563.541891461	391563.381700943	393391.367869391	393391.545517914	0.239207023
495	391563.381700943	391562.530819674	393391.545517914	393392.75980827	1.482733961
496	391562.530819674	391557.629219692	393392.75980827	393394.068787116	5.073372448
497	391558.516605929	391559.390238379	393377.78695667	393378.420542768	1.079196460
498	391559.390238379	391562.550151086	393378.420542768	393380.726984981	3.912125253
499	391563.706189922	391562.264046485	393507.173552707	393508.735709967	2.126055737
500	391562.264046485	391558.747505373	393508.735709967	393511.264202722	4.331205028
501	391560.347647723	391559.753203963	393371.310474781	393371.067029127	0.642362179
502	391559.753203963	391564.07762693	393371.067029127	393360.234169977	11.66411039
503	391564.07762693	391564.22905884	393360.234169977	393357.492956308	2.745393232
504	391566.95316263	391566.418098802	393374.418989025	393374.145996903	0.600681279
505	391566.418098802	391566.289637106	393374.145996903	393374.084959268	0.142225173
506	391566.289637106	391562.805149276	393374.084959268	393372.434063281	3.855789543
507	391562.805149276	391560.347647723	393372.434063281	393371.310474781	2.702177825
508	391569.229020245	391561.416835929	393501.187667206	393494.133956536	10.52544811
509	391563.706189922	391564.278449596	393507.173552707	393507.676054313	0.761570088
510	391564.278449596	391564.443774432	393507.676054313	393507.847672199	0.238296034
511	391564.443774432	391564.53513393	393507.847672199	393507.970678061	0.153222061
512	391564.53513393	391564.587498254	393507.970678061	393508.04682908	0.092417530
513	391564.587498254	391564.619607577	393508.04682908	393508.13454448	0.093407708
514	391564.619607577	391564.63785002	393508.13454448	393508.215958319	0.083432607
515	391564.63785002	391564.635815822	393508.215958319	393508.309936306	0.094000000
516	391564.635815822	391564.620217711	393508.309936306	393508.383616011	0.075312681
517	391564.620217711	391564.578474205	393508.383616011	393508.463731426	0.090338253
518	391564.578474205	391564.522733979	393508.463731426	393508.543543876	0.097349884
519	391564.522733979	391564.411707973	393508.543543876	393508.682173693	0.177609121
520	391564.411707973	391563.567307888	393508.682173693	393509.708140795	1.328766345
521	391563.567307888	391561.703522022	393509.708140795	393513.328655572	4.072078707
522	391562.550151086	391563.967312816	393380.726984981	393381.760812158	1.754179580
523	391563.967312816	391564.641499244	393381.760812158	393382.205106722	0.807418726
524	391564.641499244	391568.949793084	393382.205106722	393385.248058117	5.274556758
525	391568.949793084	391569.26866514	393385.248058117	393385.479437917	0.393974618
527	391565.027043231	391563.874095123	393391.903225552	393393.636820851	2.081980307
528	391563.874095123	391562.886276466	393393.636820851	393396.59135606	3.115295170
529	391572.817007418	391568.727943261	393491.967667997	393488.620290021	5.284447464
530	391568.727943261	391563.432397573	393488.620290021	393484.018617296	7.015568116
531	391563.432397573	391565.024371219	393484.018617296	393482.192762726	2.422421309
532	391565.024371219	391571.378037729	393482.192762726	393474.437212206	10.02584869
533	391569.229020245	391563.706189922	393501.187667206	393507.173552707	8.144475428
534	391569.26866514	391568.931735147	393385.479437917	393386.034134392	0.649006933
535	391568.931735147	391567.063111491	393386.034134392	393388.805698144	3.342651642
536	391567.063111491	391566.433676557	393388.805698144	393389.788416651	1.167014995
537	391566.433676557	391565.027043231	393389.788416651	393391.903225552	2.539888580
538	391577.985841205	391576.514944119	393381.130379602	393379.950385211	1.885716044
539	391576.514944119	391575.388821696	393379.950385211	393379.138813718	1.388092216
540	391575.388821696	391573.816903112	393379.138813718	393378.089581159	1.889925130
541	391573.816903112	391572.669711907	393378.089581159	393377.40217128	1.337378031
542	391572.669711907	391569.365468496	393377.40217128	393375.649919734	3.740108287
543	391569.365468496	391566.95316263	393375.649919734	393374.418989025	2.708211587
544	391566.95316263	391569.228937967	393374.418989025	393371.315822318	3.848219978
545	391569.228937967	391569.493883457	393371.315822318	393370.907822456	0.486477131
546	391569.493883457	391569.665522039	393370.907822456	393370.592525457	0.358987465
547	391569.665522039	391569.791079363	393370.592525457	393370.266573991	0.349297867
548	391569.791079363	391570.729509606	393370.266573991	393367.122442683	3.281190789
549	391570.729509606	391571.194606686	393367.122442683	393365.667911245	1.527081202
550	391571.194606686	391571.491720038	393365.667911245	393365.01566309	0.716731470
551	391571.491720038	391571.720576484	393365.01566309	393364.59593374	0.478066940
552	391571.720576484	391572.146129017	393364.59593374	393364.001723304	0.730876870
553	391572.146129017	391573.04382567	393364.001723304	393362.891954987	1.427390976
554	391573.04382567	391573.320723964	393362.891954987	393362.610868995	0.394565583
555	391573.320723964	391573.401113792	393362.610868995	393362.529263384	0.114551298
556	391578.838539111	391574.027569943	393496.943648511	393501.770590424	6.815041640
557	391574.027569943	391572.643609409	393501.770590424	393502.960421404	1.825114933
558	391572.643609409	391571.991490926	393502.960421404	393503.145880888	0.677977681
559	391571.991490926	391571.437121549	393503.145880888	393502.967455417	0.582375354
560	391571.437121549	391569.229020245	393502.967455417	393501.187667206	2.836081354
561	391569.26866514	391575.109572849	393385.479437917	393389.717187925	7.216282145
562	391575.109572849	391577.962300264	393389.717187925	393391.680682334	3.463143658
563	391570.243899539	391569.774408473	393359.447870978	393360.58342641	1.228783137
564	391569.774408473	391572.339528085	393360.58342641	393361.922213314	2.893473518
565	391572.339528085	391572.957949809	393361.922213314	393362.242581183	0.696477566
566	391572.957949809	391573.401113792	393362.242581183	393362.529263384	0.527807730
567	391577.962300264	391572.879184849	393391.680682334	393399.268671704	9.133216574
568	391572.879184849	391570.413361423	393399.268671704	393401.915169735	3.617213983
569	391572.641388567	391571.307911583	393467.167825598	393472.038623595	5.050033069
570	391571.307911583	391570.639185464	393472.038623595	393472.832010247	1.037620836
571	391570.639185464	391570.461114998	393472.832010247	393473.052672678	0.283550700
572	391570.461114998	391570.368956099	393473.052672678	393473.212637479	0.184613109
573	391570.368956099	391570.334453569	393473.212637479	393473.366298064	0.157486507
574	391570.334453569	391570.351613438	393473.366298064	393473.468035662	0.103174609
575	391570.351613438	391570.409498725	393473.468035662	393473.583427575	0.129096862
576	391570.409498725	391570.515192486	393473.583427575	393473.703651653	0.160078106
577	391570.515192486	391571.378037729	393473.703651653	393474.437212206	1.132525054
578	391571.378037729	391572.61962181	393474.437212206	393472.92127884	1.959485901
579	391572.61962181	391577.052463335	393472.92127884	393470.709353431	4.954058740
580	391577.962300264	391583.493105474	393391.680682334	393395.413957111	6.672866462
581	391583.493105474	391579.629886007	393395.413957111	393401.018150449	6.806720768
582	391579.629886007	391577.709710756	393401.018150449	393403.850766908	3.422103008
583	391577.709710756	391577.537874095	393403.850766908	393404.118888452	0.318460358
584	391577.537874095	391577.453915159	393404.118888452	393404.220125288	0.131521861
585	391577.453915159	391577.385437068	393404.220125288	393404.282757157	0.092800862
586	391577.385437068	391577.294604128	393404.282757157	393404.310313955	0.094921019
587	391577.294604128	391577.183088394	393404.310313955	393404.320717851	0.111999999
588	391577.183088394	391577.04192878	393404.320717851	393404.314804873	0.141283403
589	391577.04192878	391576.918014959	393404.314804873	393404.289204777	0.126530628
590	391576.918014959	391576.830171886	393404.289204777	393404.24115694	0.100124922
591	391576.830171886	391576.697459467	393404.24115694	393404.132012936	0.171828402
592	391576.697459467	391576.257666296	393404.132012936	393403.724102448	0.599840812
593	391576.257666296	391572.590497676	393403.724102448	393403.720738271	3.667170162
594	391578.838539111	391573.898574448	393496.943648511	393492.85235029	6.414200807
595	391573.898574448	391572.817007418	393492.85235029	393491.967667997	1.397300969
596	391572.817007418	391580.341794583	393491.967667997	393482.953366741	11.74223356
597	391580.341794583	391581.746506331	393482.953366741	393481.236512086	2.218288754
598	391581.746506331	391584.880537545	393481.236512086	393477.901102464	4.576801175
599	391573.401113792	391573.493848504	393362.529263384	393362.49356642	0.099368002
600	391573.493848504	391573.586845884	393362.49356642	393362.492868471	0.092999999
601	391573.586845884	391573.680015877	393362.492868471	393362.515169873	0.095801878
602	391573.680015877	391574.251964262	393362.515169873	393362.905888499	0.692665864
603	391574.251964262	391579.273665422	393362.905888499	393363.38021482	5.044052735
604	391590.467943581	391586.925318071	393391.223987742	393388.222490033	4.643186836
605	391586.925318071	391581.803288188	393388.222490033	393383.97381037	6.654807961
606	391581.803288188	391578.531143078	393383.97381037	393381.568299534	4.061208687
607	391578.531143078	391577.985841205	393381.568299534	393381.130379602	0.699376865
608	391577.985841205	391581.21397046	393381.130379602	393377.671055606	4.731568555
609	391581.21397046	391583.15693567	393377.671055606	393375.66041735	2.796029327
610	391583.15693567	391584.610428855	393375.66041735	393373.988462039	2.215418019
611	391584.610428855	391585.210255996	393373.988462039	393373.296940962	0.915420122
612	391590.562069718	391587.482210756	393500.073879553	393502.120982943	3.698129731
613	391587.482210756	391584.524781073	393502.120982943	393501.710865636	2.985730486
614	391584.524781073	391582.416018557	393501.710865636	393500.090287825	2.659539769
615	391582.416018557	391578.838539111	393500.090287825	393496.943648511	4.764420023
616	391584.311048787	391582.546954801	393368.342549839	393370.601852698	2.866439777
617	391582.546954801	391585.210255996	393370.601852698	393373.296940962	3.789020189
618	391585.210255996	391585.420786583	393373.296940962	393373.100355428	0.288043399
619	391585.420786583	391585.51543118	393373.100355428	393373.052643792	0.105990565
620	391585.51543118	391585.67020167	393373.052643792	393373.021481388	0.157876534
621	391585.67020167	391585.765198995	393373.021481388	393373.020768429	0.094999999
622	391585.765198995	391585.879285842	393373.020768429	393373.03191254	0.114629839
623	391585.879285842	391585.968636063	393373.03191254	393373.078243286	0.100647901
624	391585.968636063	391586.495615735	393373.078243286	393373.473299516	0.658617491
625	391586.495615735	391591.348375828	393373.473299516	393373.289875189	4.856225385
626	391600.722975036	391596.658288989	393400.117275877	393396.576680964	5.390499512
627	391596.658288989	391592.142636138	393396.576680964	393392.642459397	5.989091750
628	391592.142636138	391590.467943581	393392.642459397	393391.223987742	2.194688360
629	391590.467943581	391597.393152999	393391.223987742	393383.630801354	10.27691612
630	391590.562069718	391593.748931207	393500.073879553	393503.212718449	4.473074531
631	391593.748931207	391594.748574532	393503.212718449	393503.791871704	1.155294450
632	391594.748574532	391595.552164901	393503.791871704	393503.924315383	0.814431586
633	391595.552164901	391596.367147621	393503.924315383	393503.433671807	0.951277011
634	391596.367147621	391596.982857439	393503.433671807	393502.895927054	0.817476604
635	391596.982857439	391600.138179079	393502.895927054	393500.339100633	4.061208687
636	391600.138179079	391600.699848801	393500.339100633	393499.922381155	0.699376865
637	391608.626653347	391590.562069718	393482.408805817	393500.073879553	25.26626232
638	391596.385759192	391594.911846489	393378.252210208	393380.401332201	2.605982348
639	391594.911846489	391597.393152999	393380.401332201	393383.630801354	4.072634650
640	391597.393152999	391597.759810433	393383.630801354	393383.184037069	0.577958476
641	391597.759810433	391597.91439513	393383.184037069	393382.994871609	0.244294903
642	391597.91439513	391598.036836309	393382.994871609	393382.919950598	0.143544418
643	391598.036836309	391598.167705037	393382.919950598	393382.901967944	0.132098448
644	391598.167705037	391598.28288942	393382.901967944	393382.926104184	0.117686023
645	391598.28288942	391598.398193879	393382.926104184	393382.966239973	0.122090130
646	391598.398193879	391598.687911881	393382.966239973	393383.194072104	0.368570210
647	391598.687911881	391598.960810477	393383.194072104	393383.44603114	0.371425631
648	391598.960810477	391602.423114395	393383.44603114	393383.207040392	3.470542464
649	391604.000809714	391603.773772381	393479.033218027	393479.362589094	0.400039060
650	391603.773772381	391603.667722261	393479.362589094	393479.508419036	0.180313615
651	391603.667722261	391603.49521889	393479.508419036	393479.590617497	0.191086367
652	391603.49521889	391603.315337095	393479.590617497	393479.618303951	0.181999999
653	391603.315337095	391603.20760569	393479.618303951	393479.634885399	0.109000000
654	391603.20760569	391602.997840019	393479.634885399	393479.593311807	0.213845738
655	391602.997840019	391602.094276146	393479.593311807	393478.994799212	1.083810407
656	391602.094276146	391598.031584374	393478.994799212	393478.577978434	4.084018119
657	391604.000809714	391602.575009266	393479.033218027	393477.924208409	1.806324790
658	391602.575009266	391600.388175408	393477.924208409	393474.168162259	4.346277142
659	391600.699848801	391603.22957003	393499.922381155	393503.920912323	4.731568555
660	391603.22957003	391604.683020614	393503.920912323	393506.309481225	2.796029327
661	391604.683020614	391605.93269104	393506.309481225	393508.138798264	2.215418019
662	391605.93269104	391606.449893611	393508.138798264	393508.894109789	0.915420122
663	391600.699848801	391602.21368655	393499.922381155	393498.798005652	1.885716044
664	391602.21368655	391603.283839059	393498.798005652	393497.913939135	1.388092216
665	391603.283839059	391604.696738754	393497.913939135	393496.658737378	1.889925130
666	391604.696738754	391605.652103913	393496.658737378	393495.722864837	1.337378031
667	391605.652103913	391608.183556854	393495.722864837	393492.969656525	3.740108287
668	391608.183556854	391609.984926854	393492.969656525	393490.947411208	2.708211586
669	391607.505087384	391602.095994959	393405.612078232	393401.314005292	6.908814071
670	391602.095994959	391600.722975036	393401.314005292	393400.117275877	1.821358009
671	391600.722975036	391603.224731017	393400.117275877	393397.410424383	3.685895820
672	391603.224731017	391603.61193574	393397.410424383	393397.036507945	0.538275951
673	391603.61193574	391603.83248856	393397.036507945	393396.842847279	0.293509795
674	391603.83248856	391604.004748214	393396.842847279	393396.743551703	0.198829072
675	391604.004748214	391604.281854815	393396.743551703	393396.623468682	0.302006622
676	391604.281854815	391604.718829327	393396.623468682	393396.485185366	0.458332848
677	391604.718829327	391605.020935224	393396.485185366	393396.364914724	0.325166111
678	391605.020935224	391605.20500692	393396.364914724	393396.240529794	0.222157601
679	391605.20500692	391605.340170053	393396.240529794	393396.128512262	0.175547714
680	391605.340170053	391605.733156967	393396.128512262	393395.725551612	0.562864104
681	391605.733156967	391608.804018641	393395.725551612	393392.364410648	4.552742030
682	391608.804018641	391608.952738595	393392.364410648	393392.19328971	0.226715680
683	391608.952738595	391609.031535568	393392.19328971	393392.03269383	0.178885438
684	391609.031535568	391609.060033756	393392.03269383	393391.832474317	0.202237484
685	391609.060033756	391609.058682886	393391.832474317	393391.652479386	0.180000000
686	391609.058682886	391609.02714524	393391.652479386	393391.447710304	0.207183493
687	391609.02714524	391608.930721997	393391.447710304	393391.258428614	0.212426457
688	391608.930721997	391608.769233041	393391.258428614	393391.060634992	0.255344864
689	391608.769233041	391608.643486077	393391.060634992	393390.961575912	0.160078105
690	391608.643486077	391608.060725622	393390.961575912	393390.595939136	0.687968022
691	391608.060725622	391606.460525921	393390.595939136	393388.176880245	2.900428416
692	391608.626653347	391604.000809714	393482.408805817	393479.033218027	5.726519208
693	391604.903278026	391605.953974281	393514.834189353	393510.092990942	4.856225385
694	391605.953974281	391606.469538713	393510.092990942	393509.683149123	0.658617491
695	391606.469538713	391606.536974133	393509.683149123	393509.608433233	0.100647901
696	391606.536974133	391606.576628839	393509.608433233	393509.5008809	0.114629839
697	391606.576628839	391606.599981261	393509.5008809	393509.408795807	0.094999999
698	391606.599981261	391606.609003077	393509.408795807	393509.251177259	0.157876534
699	391606.609003077	391606.58679761	393509.251177259	393509.147538862	0.105990565
700	391606.58679761	391606.449893611	393509.147538862	393508.894109789	0.288043399
701	391606.449893611	391609.731277589	393508.894109789	393506.999593179	3.789020189
702	391609.731277589	391611.470566614	393506.999593179	393509.278046753	2.866439777
703	391612.238801793	391611.106049653	393468.098766383	393466.931499238	1.626542344
704	391611.106049653	391607.382327253	393466.931499238	393467.021006183	3.724797981
705	391607.505087384	391608.205785503	393405.612078232	393406.049882009	0.826226361
706	391608.205785503	391611.520405265	393406.049882009	393408.195256762	3.948333445
707	391616.768099439	391612.286613733	393396.009097775	393397.138273964	4.621553093
708	391612.286613733	391611.83594369	393397.138273964	393396.839847236	0.540520119
709	391611.83594369	391611.737214936	393396.839847236	393396.782771556	0.114039466
710	391611.737214936	391611.651482243	393396.782771556	393396.746578942	0.093059120
711	391611.651482243	391611.584745803	393396.746578942	393396.741757371	0.066910387
712	391611.584745803	391611.514052793	393396.741757371	393396.748352698	0.071000000
713	391611.514052793	391611.439403213	393396.748352698	393396.766364923	0.076791926
714	391611.439403213	391611.376289558	393396.766364923	393396.800374724	0.071693793
715	391611.376289558	391611.320543339	393396.800374724	393396.848762316	0.073817342
716	391611.320543339	391611.260959578	393396.848762316	393396.920607812	0.093338095
717	391611.260959578	391610.675421317	393396.920607812	393397.706397189	0.979959182
718	391610.675421317	391610.270823126	393397.706397189	393398.32164129	0.736359287
719	391610.270823126	391610.162219148	393398.32164129	393398.567794039	0.269046464
720	391610.162219148	391610.105738603	393398.567794039	393398.726727824	0.168671277
721	391610.105738603	391610.069119312	393398.726727824	393398.861713111	0.139864219
722	391610.069119312	391610.054523924	393398.861713111	393399.006695781	0.145715476
723	391610.054523924	391610.045783567	393399.006695781	393399.139080093	0.132672529
724	391610.045783567	391610.043821482	393399.139080093	393399.419474726	0.280401497
725	391610.043821482	391610.059343244	393399.419474726	393399.704264254	0.285212201
726	391610.059343244	391610.081016037	393399.704264254	393399.87197618	0.169106475
727	391610.081016037	391610.109339266	393399.87197618	393400.057145817	0.187323250
728	391610.109339266	391610.175599892	393400.057145817	393400.35829284	0.308350449
729	391610.175599892	391610.224870104	393400.35829284	393400.595742722	0.242507731
730	391610.224870104	391610.299014896	393400.595742722	393400.938336577	0.350525320
731	391610.299014896	391610.312670009	393400.938336577	393401.084700978	0.147000000
732	391610.312670009	391610.310356521	393401.084700978	393401.178320676	0.093648278
733	391610.310356521	391610.287717318	393401.178320676	393401.290910491	0.114843371
734	391610.287717318	391610.233149721	393401.290910491	393401.416522502	0.136952546
735	391610.233149721	391610.084759317	393401.416522502	393401.645295944	0.272684799
736	391610.084759317	391607.505087384	393401.645295944	393405.612078232	4.731814556
737	391616.299243822	391610.246757912	393472.38597486	393480.306886885	9.968622422
738	391610.246757912	391608.626653347	393480.306886885	393482.408805817	2.653827801
739	391609.984926854	391612.411109817	393490.947411208	393493.934455437	3.848219978
740	391612.411109817	391612.738774017	393493.934455437	393494.294033206	0.486477131
741	391612.738774017	391613.000367681	393494.294033206	393494.539880222	0.358987465
742	391613.000367681	391613.283931317	393494.539880222	393494.743842631	0.349297867
743	391613.283931317	391616.088204038	393494.743842631	393496.447446899	3.281190789
744	391616.088204038	391617.377674753	393496.447446899	393497.265519191	1.527081202
745	391617.377674753	391617.933494537	393497.265519191	393497.718032581	0.716731470
746	391617.933494537	391618.281639877	393497.718032581	393498.045664726	0.478066940
747	391618.281639877	391618.748805656	393498.045664726	393498.60774758	0.730876870
748	391618.748805656	391619.595253701	393498.60774758	393499.757082477	1.427390976
749	391619.595253701	391619.797110707	393499.757082477	393500.096104231	0.394565583
750	391619.797110707	391619.855714353	393500.096104231	393500.194529901	0.114551298
751	391609.984926854	391610.384446974	393490.947411208	393490.498856112	0.600681279
752	391610.384446974	391610.476008929	393490.498856112	393490.390024093	0.142225173
753	391610.476008929	391612.955022701	393490.390024093	393487.436787949	3.855789543
754	391612.955022701	391614.663983294	393487.436787949	393485.34365186	2.702177825
755	391612.238801793	391613.188922201	393468.098766383	393466.830469805	1.584709752
756	391613.188922201	391613.205340955	393466.830469805	393466.779377492	0.053665631
757	391613.205340955	391613.218944987	393466.779377492	393466.703424017	0.077162166
758	391613.218944987	391613.228061819	393466.703424017	393466.604890351	0.098954535
759	391613.228061819	391613.191400086	393466.604890351	393466.366695226	0.240999999
760	391613.191400086	391613.089889884	393466.366695226	393466.187046461	0.206344372
761	391613.089889884	391612.312760663	393466.187046461	393465.575144366	0.989117788
762	391612.312760663	391610.7272798	393465.575144366	393462.459066633	3.496239408
763	391611.520405265	391615.40002086	393408.195256762	393410.744895921	4.642421458
764	391615.40002086	391619.045321602	393410.744895921	393413.291286994	4.446608258
765	391611.520405265	391616.597349192	393408.195256762	393400.562647747	9.166901330
766	391616.597349192	391621.029480016	393400.562647747	393398.624558648	4.837351858
767	391616.299243822	391612.238801793	393472.38597486	393468.098766383	5.904857830
768	391614.663983294	391617.916731762	393485.34365186	393481.015422036	5.414235495
769	391614.663983294	391615.049946868	393485.34365186	393484.830172269	0.642362179
770	391615.049946868	391624.435702547	393484.830172269	393491.755420402	11.66411039
771	391624.435702547	391627.04935033	393491.755420402	393492.59567588	2.745393232
772	391615.049946868	391617.916731762	393484.830172269	393481.015422036	4.771873318
773	391618.453224841	391619.468406621	393457.851140503	393457.43283923	1.097984517
774	391619.468406621	391619.581307578	393457.43283923	393457.410403235	0.115108644
775	391619.581307578	391619.68744477	393457.410403235	393457.429479303	0.107837841
776	391619.68744477	391619.769406678	393457.429479303	393457.475547141	0.094021274
777	391619.769406678	391619.859356384	393457.475547141	393457.593233378	0.148124947
778	391619.859356384	391623.774006878	393457.593233378	393466.888911165	10.08633303
779	391623.774006878	391623.868311919	393466.888911165	393467.330706999	0.451748824
780	391623.868311919	391623.925510308	393467.330706999	393467.702330927	0.375999999
781	391623.925510308	391623.924696091	393467.702330927	393468.032295073	0.329965149
782	391623.924696091	391623.8600877	393468.032295073	393468.26988875	0.246221444
783	391623.8600877	391623.710095065	393468.26988875	393468.445752929	0.231140649
784	391623.710095065	391623.62548289	393468.445752929	393468.559953541	0.142130222
785	391623.62548289	391623.332177835	393468.559953541	393468.75787561	0.353837533
786	391623.332177835	391620.671400564	393468.75787561	393469.824050695	2.866437684
787	391620.671400564	391617.444377457	393469.824050695	393471.115992593	3.476031070
788	391617.444377457	391617.228539184	393471.115992593	393471.21902579	0.239169396
789	391617.228539184	391617.016050267	393471.21902579	393471.38326178	0.268560979
790	391617.016050267	391616.770198017	393471.38326178	393471.74487023	0.437268796
791	391616.770198017	391616.299243822	393471.74487023	393472.38597486	0.795495443
792	391620.547720339	391620.119940081	393415.184913946	393415.874633491	0.811608895
793	391620.119940081	391617.100173592	393415.874633491	393420.033125929	5.139265414
794	391619.855714353	391619.866779649	393500.194529901	393500.293279885	0.099368002
795	391619.866779649	391619.843918858	393500.293279885	393500.383426345	0.092999999
796	391619.843918858	391619.79876378	393500.383426345	393500.46791906	0.095801878
797	391619.79876378	391619.276014943	393500.46791906	393500.922363394	0.692665864
798	391619.276014943	391617.546225281	393500.922363394	393505.660537697	5.044052735
799	391617.916731762	391620.752350251	393481.015422036	393477.107553463	4.828267701
800	391620.752350251	391623.941707196	393477.107553463	393479.404007746	3.930101779
801	391623.941707196	391628.327550162	393479.404007746	393482.474320675	5.353731409
802	391628.327550162	391629.611881489	393482.474320675	393483.377748615	1.570251253
803	391629.611881489	391632.401507185	393483.377748615	393487.763035091	5.197379051
804	391619.045321602	391620.067730804	393413.291286994	393414.012431517	1.251147473
805	391620.067730804	391620.306672927	393414.012431517	393414.172929685	0.287841970
806	391620.306672927	391620.416618308	393414.172929685	393414.264110896	0.142835569
807	391620.416618308	391620.527425851	393414.264110896	393414.375298523	0.156974520
808	391620.527425851	391620.623124116	393414.375298523	393414.52907382	0.181121506
809	391620.623124116	391620.659943971	393414.52907382	393414.70842905	0.183095603
810	391620.659943971	391620.658794617	393414.70842905	393414.91141348	0.202987684
811	391620.658794617	391620.547720339	393414.91141348	393415.184913946	0.295194850
812	391619.045321602	391619.976843833	393413.291286994	393411.95096079	1.632240178
813	391619.976843833	391620.232331781	393411.95096079	393411.64289601	0.400222438
814	391620.232331781	391620.438323404	393411.64289601	393411.460974458	0.274823579
815	391620.438323404	391620.741162646	393411.460974458	393411.229843773	0.380963252
816	391620.741162646	391621.508140674	393411.229843773	393410.75253391	0.903371462
817	391621.508140674	391622.081516356	393410.75253391	393410.37463799	0.686705905
818	391622.081516356	391622.459338962	393410.37463799	393410.07524681	0.482063273
819	391622.459338962	391622.833445891	393410.07524681	393409.736028583	0.505000000
820	391622.833445891	391623.108847363	393409.736028583	393409.426105964	0.414605836
821	391623.108847363	391623.52492637	393409.426105964	393408.880094738	0.686476510
822	391623.52492637	391624.838538265	393408.880094738	393407.092340899	2.218476955
823	391624.838538265	391626.379428719	393407.092340899	393402.142803788	5.183846158
824	391619.855714353	391620.245220615	393500.194529901	393499.838347544	0.527807730
825	391620.245220615	391620.711670582	393499.838347544	393499.321138274	0.696477566
826	391620.711670582	391622.656059984	393499.321138274	393497.178350638	2.893473518
827	391622.656059984	391623.635827019	393497.178350638	393497.919946591	1.228783137
828	391620.547720339	391620.951581953	393415.184913946	393415.444520951	0.480104155
829	391620.951581953	391621.193232429	393415.444520951	393415.601753414	0.288300190
830	391621.193232429	391621.431538795	393415.601753414	393415.723141534	0.267441582
831	391621.431538795	391621.678449167	393415.723141534	393415.807570608	0.260946354
832	391621.678449167	391621.871993565	393415.807570608	393415.836717923	0.195726850
833	391621.871993565	391622.182882592	393415.836717923	393415.831817654	0.310927644
834	391622.182882592	391622.700277134	393415.831817654	393415.747390831	0.524237541
835	391622.700277134	391626.505004998	393415.747390831	393414.770739471	3.928078665
836	391626.505004998	391629.63071664	393414.770739471	393413.986997339	3.222471877
837	391629.63071664	391630.625800541	393413.986997339	393413.758574419	1.020964739
838	391630.625800541	391631.542475725	393413.758574419	393413.604757619	0.929490720
839	391631.542475725	391632.044801609	393413.604757619	393413.541823484	0.506252901
840	391632.044801609	391632.448541064	393413.541823484	393413.520225963	0.404316707
841	391632.448541064	391632.79139627	393413.520225963	393413.556534473	0.344772388
842	391632.79139627	391633.187684206	393413.556534473	393413.638075087	0.404589915
843	391633.187684206	391633.537346657	393413.638075087	393413.758113289	0.369693115
844	391633.537346657	391634.066239634	393413.758113289	393413.979942546	0.573529423
845	391634.066239634	391635.101839197	393413.979942546	393414.497983612	1.157943435
846	391635.101839197	391634.207383587	393414.497983612	393412.640037928	2.062040979
847	391634.207383587	391632.740497367	393412.640037928	393409.684520746	3.299520722
848	391632.740497367	391631.505746317	393409.684520746	393407.150261516	2.819056579
849	391631.505746317	391630.733701226	393407.150261516	393405.753940858	1.595545361
850	391634.909980263	391632.405755957	393416.596880977	393423.676112406	7.509104939
851	391634.909980263	391635.02121683	393416.596880977	393419.414731829	2.820045567
852	391635.101839197	391635.229259908	393414.497983612	393414.819537592	0.345880037
853	391635.229259908	391635.338839692	393414.819537592	393415.100573659	0.301643829
854	391635.338839692	391635.388760148	393415.100573659	393415.344993274	0.249465428
855	391635.388760148	391635.406781183	393415.344993274	393415.538154456	0.193999999
856	391635.406781183	391635.383886601	393415.538154456	393415.734128531	0.197306867
857	391635.383886601	391635.357488261	393415.734128531	393415.903312241	0.171230838
858	391635.357488261	391635.312944182	393415.903312241	393416.017945679	0.122983738
859	391635.312944182	391635.255854016	393416.017945679	393416.148814746	0.142779550
860	391635.255854016	391635.133777869	393416.148814746	393416.325920405	0.215102301
861	391635.133777869	391634.909980263	393416.325920405	393416.596880977	0.351432781