162	391473.594781643	391487.678321229	393196.573360727	393190.545616321	15.31926205
0	391463.52928729	391465.232720776	393168.291018294	393169.445383584	2.057728083
1	391465.232720776	391465.663508327	393169.445383584	393172.060939836	2.650794677
2	391465.663508327	391465.291828669	393172.060939836	393173.86619035	1.843115619
3	391465.291828669	391463.275400828	393173.86619035	393174.686371389	2.176850517
4	391470.076598506	391469.186080282	393158.303204267	393161.342749897	3.167311216
5	391469.186080282	391468.32408572	393161.342749897	393161.946463232	1.052380357
6	391468.32408572	391465.383215655	393161.946463232	393162.219030261	2.953474144
7	391487.678321229	391478.467510188	393190.545616321	393187.855207734	9.595693742
8	391478.467510188	391476.171065789	393187.855207734	393186.725990155	2.559060222
9	391476.171065789	391474.799985522	393186.725990155	393184.821383511	2.346782385
10	391474.799985522	391474.201782215	393184.821383511	393182.2320431	2.657542278
11	391474.201782215	391474.297684054	393182.2320431	393173.862978596	8.369613959
12	391474.297684054	391465.663508332	393173.862978596	393172.060939838	8.820223017
13	391476.019156941	391470.076598506	393159.459841287	393158.303204264	6.054073830
14	391470.076598506	391468.168380885	393158.303204264	393156.957069474	2.335245888
15	391468.168380885	391466.016049348	393156.957069474	393156.627683797	2.177389714
16	391479.735906955	391478.822418846	393128.362714342	393136.005643158	7.697325601
17	391478.822418846	391477.972021965	393136.005643158	393143.12070293	7.165699575
18	391477.972021965	391470.141044924	393143.12070293	393141.554487165	7.986064940
19	391470.141044924	391470.100667149	393141.554487165	393143.527733784	1.973659692
20	391470.100667149	391469.398416448	393143.527733784	393144.074157214	0.889794702
21	391469.398416448	391466.443210379	393144.074157214	393144.690749763	3.018845686
22	391470.141044923	391468.94545744	393141.554487165	393140.40386448	1.659325764
23	391468.94545744	391467.055680975	393140.40386448	393138.708451232	2.538834608
24	391472.948745777	391472.827858633	393126.892586117	393128.795992458	1.907241306
25	391472.827858633	391472.081502608	393128.795992458	393129.107921631	0.808917254
26	391472.081502608	391468.942990039	393129.107921631	393129.855248697	3.226260821
27	391469.046639057	391470.231887612	393112.269589049	393110.938870385	1.782028702
28	391470.231887612	391471.872422329	393110.938870385	393110.221359125	1.790579951
29	391471.872422329	391474.169345708	393110.221359125	393110.601518856	2.328170619
30	391474.169345709	391476.67824525	393110.601518857	393111.717023832	2.745710883
31	391476.67824525	391481.671970666	393111.717023832	393112.704580256	5.090438215
32	391481.671970666	391480.711569415	393112.704580256	393120.199588181	7.556289721
33	391480.711569415	391479.735906955	393120.199588181	393128.362714342	8.221225331
34	391479.735906955	391472.948745777	393128.362714342	393126.892586116	6.944554259
35	391472.948745777	391472.282927318	393126.892586116	393126.124810537	1.016264513
36	391472.282927318	391470.144907686	393126.124810537	393124.444895776	2.719051589
37	391480.091459588	391479.574676661	393096.309455765	393097.520423462	1.316627265
38	391479.574676661	391478.802961399	393097.520423462	393097.950666776	0.883546125
39	391478.802961399	391477.856498813	393097.950666776	393097.99797838	0.947644350
40	391477.856498813	391471.589568569	393097.99797838	393099.26146899	6.393029266
41	391476.678245248	391475.933158186	393111.717023833	393114.217372679	2.609003464
42	391475.933158186	391475.030459961	393114.217372679	393115.085793443	1.252604770
43	391475.030459961	391472.618456961	393115.085793443	393116.816194869	2.968509317
44	391472.907407059	391476.18223055	393092.035661339	393093.310161136	3.514088591
45	391476.18223055	391478.196677047	393093.310161136	393094.28902024	2.239678511
46	391478.196677047	391479.049498789	393094.28902024	393095.009668957	1.116530114
47	391479.049498789	391480.091459588	393095.009668957	393096.309455765	1.665871558
48	391474.297684054	391475.099221224	393173.862978595	393167.15671561	6.753993267
49	391475.099221224	391480.372784937	393167.15671561	393168.203765963	5.376503387
50	391480.372784937	391485.69285066	393168.203765963	393169.260049154	5.423913115
51	391476.019156941	391475.099221224	393159.459841287	393167.15671561	7.751655053
52	391479.661323702	391479.925721422	393079.884909417	393082.836875936	2.963783473
53	391479.925721422	391479.57518402	393082.836875936	393083.825158786	1.048608345
54	391479.57518402	391475.116648305	393083.825158786	393085.086195144	4.633438617
55	391475.717365067	391479.661323702	393078.840765575	393079.884909417	4.079834075
56	391482.106833833	391480.842067754	393064.18197545	393063.359121382	1.508881059
57	391480.842067754	391479.216175796	393063.359121382	393063.677167824	1.656707034
58	391479.216175796	391477.549702673	393063.677167824	393064.751426041	1.982716163
59	391477.549702673	391475.876712805	393064.751426041	393065.348946829	1.776492666
60	391477.972021961	391477.043684455	393143.120702965	393150.887873301	7.822451378
61	391477.043684455	391476.019156941	393150.887873301	393159.459841287	8.632976993
62	391477.043684455	391481.88711782	393150.887873301	393151.897883465	4.947622387
63	391481.88711782	391481.712973484	393151.897883465	393149.486905282	2.417259201
64	391481.712973484	391481.936231743	393149.486905282	393147.793411625	1.708146661
65	391481.936231743	391482.848568661	393147.793411625	393146.478712299	1.600247783
66	391478.822418846	391482.026783522	393136.005643162	393136.409227747	3.229680091
67	391482.026783522	391487.611717425	393136.409227747	393137.1126412	5.629056509
68	391479.220139842	391480.770626087	393069.398478664	393067.861938551	2.182879546
69	391480.770626087	391482.106833833	393067.861938551	393064.18197545	3.915045283
70	391490.178318761	391490.898278875	393049.353662465	393044.666309259	4.742322494
71	391490.898278875	391486.514122993	393044.666309259	393044.003097294	4.434035735
72	391486.514122993	391481.057030059	393044.003097294	393045.561346679	5.675209638
73	391481.057030059	391479.542768723	393045.561346679	393047.18274979	2.218543540
74	391485.740951629	391479.661323702	393080.95009807	393079.884909417	6.172236433
75	391483.678613203	391480.091459588	393097.044665576	393096.309455765	3.661721525
76	391480.372784936	391480.319280426	393168.203765964	393170.465267665	2.262134539
77	391480.319280426	391480.72161309	393170.465267665	393172.46337814	2.038214179
78	391480.72161309	391481.25833274	393172.46337814	393175.20152029	2.790249167
79	391495.072061242	391493.962040818	392983.404967277	392983.335376917	1.112199694
80	391493.962040818	391492.744346885	392983.335376917	392983.209758857	1.224156203
81	391492.744346885	391491.222625337	392983.209758857	392983.315722757	1.525406443
82	391491.222625337	391487.369117775	392983.315722757	392985.759924668	4.563293055
83	391487.369117775	391480.448689185	392985.759924668	392989.019469706	7.649638273
84	391480.653870715	391484.150474805	392976.67523509	392977.551533149	3.604738333
85	391484.150474805	391491.222625337	392977.551533149	392983.315722757	9.123661271
86	391480.711569416	391486.002774925	393120.19958818	393120.299279432	5.292144563
87	391481.220797106	391485.872455809	393038.119570853	393037.568786484	4.684153297
88	391485.872455809	391491.817144854	393037.568786484	393038.683964861	6.048384135
89	391491.817144854	391491.99996195	393038.683964861	393037.484712477	1.213106908
90	391491.99996195	391492.34187312	393037.484712477	393035.267682954	2.243239433
91	391483.883230724	391490.178318761	393049.905037644	393049.353662467	6.319188870
92	391490.178318761	391489.387860898	393049.353662467	393054.4999964	5.206685758
93	391489.387860898	391485.038344954	393054.4999964	393054.894578339	4.367377228
94	391485.038344954	391481.420519587	393054.894578339	393053.906018819	3.750454680
95	391481.671970667	391482.736355473	393112.704580254	393104.398080743	8.374416346
96	391482.736355473	391483.678613207	393104.398080743	393097.044665575	7.413539254
97	391483.678613207	391484.87041886	393097.044665575	393087.743768944	9.376944003
98	391484.87041886	391488.999124171	393087.743768944	393087.09845428	4.178832200
99	391481.887117822	391485.606215131	393151.897883466	393152.673433734	3.799100290
100	391492.34187312	391489.018758726	393035.267682954	393034.87057945	3.346756708
101	391489.018758726	391485.880553769	393034.87057945	393034.449564455	3.166320258
102	391485.880553769	391482.045781125	393034.449564455	393032.706438069	4.212359295
103	391482.106833833	391486.768255075	393064.18197545	393064.576220768	4.678063419
104	391486.768255075	391487.918147773	393064.576220768	393064.607676174	1.150322850
105	391487.918147773	391488.515376008	393064.607676174	393065.346371322	0.949922147
106	391488.515376008	391488.498300745	393065.346371322	393066.145072114	0.798883295
107	391488.498300745	391488.333603636	393066.145072114	393067.490161657	1.355135054
108	391488.333603636	391486.679268178	393067.490161657	393073.627440029	6.356336336
109	391486.679268178	391485.740951629	393073.627440029	393080.95009807	7.382530645
110	391482.736355477	391485.914949884	393104.398080744	393105.183743103	3.274252242
111	391493.188546702	391493.293446219	393029.755352437	393029.072396423	0.690965140
112	391493.293446219	391493.599941803	393029.072396423	393027.076934425	2.018863078
113	391493.599941803	391493.883998759	393027.076934425	393025.227560741	1.871061564
114	391493.883998759	391489.617843504	393025.227560741	393024.909776681	4.277974679
115	391489.617843504	391486.483280433	393024.909776681	393026.357787566	3.452856957
116	391486.483280433	391482.85361898	393026.357787566	393027.881018098	3.936327414
117	391495.294757625	391490.601609261	393016.042705946	393015.12465907	4.782096991
118	391490.601609261	391487.892889506	393015.12465907	393014.672590669	2.746184362
119	391487.892889506	391483.639567573	393014.672590669	393012.596053292	4.733154861
120	391496.21345399	391492.550274948	393010.06147144	393009.954266938	3.664747399
121	391492.550274948	391488.812873024	393009.954266938	393009.231449147	3.806657155
122	391488.812873024	391484.821400039	393009.231449147	393007.074965443	4.536769616
123	391485.740951629	391484.87041886	393080.95009807	393087.743768943	6.849218294
124	391485.606215131	391486.830517066	393152.673433734	393152.984377156	1.263171025
125	391486.830517066	391487.632781607	393152.984377156	393153.235383253	0.840614331
126	391487.632781607	391488.320125308	393153.235383253	393152.87152102	0.777712729
127	391488.320125308	391488.747361439	393152.87152102	393152.36831195	0.660113687
128	391488.747361439	391490.554999662	393152.36831195	393149.239129709	3.613770529
129	391487.033737479	391485.606215131	393147.336419359	393152.673433734	5.524630530
130	391497.007745502	391491.618047043	393004.890178235	393004.363629273	5.415358094
131	391491.618047043	391488.57292929	393004.363629273	393003.519176844	3.160038296
132	391488.57292929	391485.742929965	393003.519176844	393002.198937406	3.122807767
133	391485.764335559	391488.592322134	393125.054884498	393124.504396309	2.881066697
134	391488.592322134	391489.274458777	393124.504396309	393123.819545665	0.966607885
135	391489.274458777	391489.852152724	393123.819545665	393122.359356624	1.570312813
136	391485.838484489	391485.975516051	393175.965503404	393173.06432513	2.904412681
137	391485.975516051	391485.631079889	393173.06432513	393171.835357799	1.276321655
138	391485.631079889	391485.692850661	393171.835357799	393169.260049154	2.576049348
139	391485.692850661	391487.965517982	393169.260049154	393169.628695468	2.302372006
140	391487.965517982	391488.654594831	393169.628695468	393170.418156285	1.047890874
141	391488.654594831	391488.861858651	393170.418156285	393171.187702861	0.796969399
142	391488.861858651	391489.884946176	393171.187702861	393172.657488955	1.790804078
143	391489.884946176	391490.417700488	393172.657488955	393175.714912724	3.103492751
144	391485.914949884	391491.341216317	393105.183743103	393106.524969051	5.589566570
145	391491.341216317	391493.207161374	393106.524969051	393104.848098461	2.508713999
146	391493.207161374	391496.147283678	393104.848098461	393105.253337885	2.967918151
147	391486.846594622	391486.248866507	393111.610618235	393108.369274314	3.295995952
148	391486.248866507	391485.914949884	393108.369274314	393105.183743103	3.202984452
149	391486.002774925	391489.852152724	393120.299279432	393122.359356624	4.365962376
150	391487.165363821	391485.341749189	393115.382995454	393117.562499259	2.841796467
151	391485.341749189	391486.002774925	393117.562499259	393120.299279432	2.815478776
152	391486.67926818	391492.290679377	393073.627440028	393074.371549672	5.660533082
153	391487.054697683	391488.492358694	392997.286767283	392998.714249584	2.025975050
154	391488.492358694	391491.377029253	392998.714249584	393000.081396212	3.192242805
155	391491.377029253	391497.626808368	393000.081396212	393000.859723992	6.298057885
156	391490.5298789	391488.225455602	393142.295724825	393140.533123257	2.901229225
157	391488.225455602	391487.560965772	393140.533123257	393140.317558381	0.698580668
158	391487.560965772	391487.329814555	393140.317558381	393139.553159339	0.798584234
159	391487.329814555	391487.611717425	393139.553159339	393137.1126412	2.456745411
160	391487.611717425	391491.292537637	393137.1126412	393135.925106766	3.867644692
161	391487.678321229	391494.051132578	393190.545616322	393191.310796229	6.418584328
163	391498.411621151	391492.717083918	392995.750142736	392994.589742842	5.811564524
164	391492.717083918	391490.033731194	392994.589742842	392993.097542321	3.070349203
165	391490.033731194	391488.021145599	392993.097542321	392991.164681461	2.790421451
166	391488.515376008	391488.69283804	393065.346371321	393062.161467762	3.189843798
167	391488.69283804	391488.885158461	393062.161467762	393059.410325366	2.757856345
168	391488.885158461	391489.152237787	393059.410325366	393057.121404966	2.304449601
169	391489.152237787	391489.387860898	393057.121404966	393054.499996402	2.631976654
170	391488.999124171	391491.999387056	393087.09845428	393087.887273709	3.102227179
171	391491.999387056	391493.506359139	393087.887273709	393089.273114705	2.047320230
172	391488.999124171	391490.0819768	393087.09845428	393090.735555436	3.794874785
173	391490.0819768	391492.091971233	393090.735555436	393092.628598612	2.761103056
174	391488.999124171	391489.413083935	393087.09845428	393085.585862201	1.568214744
175	391489.413083935	391491.083872679	393085.585862201	393084.534621998	1.973991132
176	391491.083872679	391494.571549674	393084.534621998	393084.445155586	3.488824308
177	391489.852152724	391491.335472959	393122.359356624	393121.864415082	1.563715463
178	391491.335472959	391492.640129941	393121.864415082	393120.47342326	1.907088904
179	391490.898278876	391491.817144853	393044.666309258	393038.683964863	6.052500238
180	391491.341216318	391491.351255541	393106.524969052	393108.739436531	2.214490235
181	391491.351255541	391491.73445952	393108.739436531	393109.31837072	0.694269461
182	391491.73445952	391492.749138201	393109.31837072	393110.191965151	1.338932431
183	391492.34187312	391493.188546702	393035.267682954	393029.755352436	5.576974438
184	391493.883998759	391494.493353661	393025.227560738	393021.260310924	4.013774343
185	391494.051132578	391497.61471183	393191.310796229	393191.735475742	3.588795030
186	391497.61471183	391496.432467245	393191.735475742	393196.482312442	4.891846371
187	391496.432467245	391496.577679017	393196.482312442	393198.789282228	2.311535431
188	391496.577679017	391497.232212515	393198.789282228	393200.78272328	2.098147117
189	391495.268806541	391494.051132578	393183.343158728	393191.310796229	8.060147469
190	391494.061160404	391495.072061242	392987.194395114	392983.404967277	3.921948984
191	391494.493353661	391494.635141619	393021.260310925	393020.337190018	0.933946483
192	391494.635141619	391494.731643464	393020.337190018	393019.708907671	0.635650307
193	391494.731643464	391495.174686064	393019.708907671	393016.824446292	2.918287887
194	391495.174686064	391495.294757626	393016.824446292	393016.042705946	0.790907800
195	391495.294757626	391496.21345399	393016.042705946	393010.06147144	6.051377465
196	391524.990098572	391524.144130369	393005.663575842	393024.803359809	19.15847051
197	391524.144130369	391494.493353662	393024.803359809	393021.260310926	29.86171051
198	391499.768133376	391499.952738614	392990.880824662	392986.760942321	4.124016197
199	391499.952738614	391500.005737646	392986.760942321	392984.741336565	2.020301043
200	391500.005737646	391499.648327756	392984.741336565	392983.874243853	0.937865448
201	391499.648327756	391498.500525149	392983.874243853	392983.579347381	1.185080062
202	391498.500525149	391495.072061242	392983.579347381	392983.404967277	3.432895742
203	391496.21345399	391497.007745502	393010.06147144	393004.890178235	5.231937730
204	391496.691861745	391494.898319988	393070.79225005	393071.109005293	1.821297866
205	391494.898319988	391493.387760434	393071.109005293	393071.69452581	1.620069271
206	391493.387760434	391492.506801612	393071.69452581	393072.7099281	1.344295449
207	391492.506801612	391492.29067938	393072.7099281	393074.371549673	1.675617817
208	391492.29067938	391492.577331169	393074.371549673	393076.024504207	1.677625686
209	391492.577331169	391493.308915414	393076.024504207	393077.566094678	1.706375306
210	391493.308915414	391494.98579568	393077.566094678	393078.957583755	2.179029434
211	391494.98579568	391497.354211876	393078.957583755	393079.155561128	2.376676317
212	391497.626808368	391497.007745502	393000.859723992	393004.890178235	4.077719980
213	391497.614711835	391503.150263318	393191.735475741	393192.408521907	5.576317903
214	391497.626808368	391498.411621152	393000.859723992	392995.750142733	5.169502079
215	391498.411621152	391499.768133377	392995.750142733	392990.880824662	5.054738756
216	391503.150263315	391502.420179663	393192.408521908	393196.99504257	4.644264626
217	391502.420179663	391502.187999524	393196.99504257	393199.410115029	2.426207452
218	391502.187999524	391500.218856052	393199.410115029	393201.844108219	3.130790452
219	391503.150263319	391507.864132762	393192.408521907	393193.128668939	4.768561300
220	391515.773472889	391507.864132762	393193.947885312	393193.128668939	7.951652451
221	391507.864132762	391508.958081364	393193.128668939	393185.34169975	7.863435172
222	391514.371494397	391516.724778701	393060.988468797	393057.292857905	4.381265441
223	391516.724778701	391520.566673697	393057.292857905	393052.640859478	6.033344555
224	391521.770846038	391515.773472889	393194.6741557	393193.947885312	6.041188076
225	391515.773472889	391517.350286874	393193.947885312	393185.931224932	8.170262296
226	391518.266724233	391518.413733496	392997.743142799	393003.618669997	5.877366040
227	391518.413733496	391519.103010071	393003.618669997	393005.534145093	2.035717819
228	391519.103010071	391521.594829646	393005.534145093	393005.812323772	2.507298978
229	391521.594829646	391524.990098572	393005.812323772	393005.663575842	3.398525713
230	391520.566673697	391524.286331665	393052.640859478	393054.418291726	4.122513893
231	391524.286331665	391525.479696257	393054.418291726	393056.007160235	1.987114035
232	391525.479696257	391524.666974749	393056.007160235	393061.416486698	5.470039216
233	391521.680698403	391520.566673697	393048.536844853	393052.640859478	4.252527141
234	391521.680698402	391522.905256186	393048.536844853	393044.025631568	4.674461153
235	391528.2644292	391521.770846038	393195.460516169	393194.6741557	6.541023242
236	391521.770846038	391523.305198499	393194.6741557	393186.510892255	8.306208975
237	391522.905256186	391526.509511886	393044.025631568	393045.98726101	4.103492319
238	391526.509511886	391529.306571144	393045.98726101	393048.030938781	3.464124610
239	391529.306571144	391531.076645664	393048.030938781	393050.879173815	3.353446975
240	391522.905256186	391523.30689657	393044.025631568	393037.679019838	6.359307780
241	391523.30689657	391524.192727674	393037.679019838	393035.514318699	2.338937315
242	391524.192727674	391526.870098114	393035.514318699	393034.56068395	2.842135060
243	391526.870098114	391531.002018659	393034.56068395	393034.632242956	4.132540148
244	391531.002018659	391537.612031468	393034.632242956	393035.224732088	6.636513595
245	391537.612031468	391545.373218921	393035.224732088	393036.055246989	7.805497145
246	391545.436915803	391544.781593058	392999.649730549	393013.770522185	14.13598968
247	391544.781593058	391544.226771774	393013.770522185	393026.487145307	12.72872068
248	391544.226771774	391537.542694226	393026.487145307	393025.809069968	6.718383647
249	391537.542694226	391530.847800648	393025.809069968	393025.247751141	6.718383648
250	391530.847800648	391524.14413037	393025.247751141	393024.803359809	6.718383648
251	391524.990098572	391525.277177263	393005.663575842	392996.762924899	8.905279410
252	391524.990098572	391530.581227238	393005.66357584	393005.01807855	5.628266741
253	391530.581227238	391532.033503366	393005.01807855	393004.344845985	1.600733593
254	391532.033503366	391532.511139247	393004.344845985	393002.909655052	1.512583567
255	391532.511139247	391532.512769726	393002.909655052	392996.021078861	6.888576383
256	391538.722560033	391528.2644292	393196.33406953	393195.460516169	10.49455077
257	391528.2644292	391529.572277414	393195.460516169	393186.768520361	8.789838341
258	391536.007105326	391539.936936623	393051.178148325	393051.079320617	3.931073764
259	391539.936936623	391543.249308473	393051.079320617	393047.634122982	4.779246176
260	391544.781593055	391537.995593162	393013.770522185	393012.903995683	6.841100988
261	391538.722560034	391591.247996512	393196.334069529	393203.330393345	52.98933877
262	391545.436915803	391542.582134538	392999.649730549	392999.405984554	2.865168088
263	391542.582134538	391541.435242941	392999.405984554	392998.416032684	1.515046217
264	391541.435242941	391540.722307167	392998.416032684	392995.285932715	3.210265290
265	391541.205926243	391541.439218845	393063.612762594	393058.980930004	4.637704020
266	391541.439218845	391542.992233468	393058.980930004	393057.838892234	1.927720074
267	391542.992233468	391545.840228191	393057.838892234	393056.677912155	3.075540389
268	391543.249308473	391545.840228191	393047.634122982	393056.677912155	9.407602648
269	391545.373218921	391543.249308473	393036.055246989	393047.634122982	11.77205864
270	391544.226771775	391550.897997261	393026.487145307	393027.28177061	6.718383648
271	391550.897997261	391557.554338562	393027.28177061	393028.192703827	6.718383648
272	391557.554338562	391564.193768094	393028.192703827	393029.219667478	6.718383648
273	391545.373218921	391551.977665995	393036.055246989	393036.777822431	6.643857043
274	391551.977665995	391555.778495689	393036.777822431	393037.115425217	3.815793758
275	391555.778495689	391559.699944655	393037.115425217	393037.34381648	3.928094265
276	391559.699944655	391564.958907764	393037.34381648	393037.695234414	5.270691372
277	391550.35982535	391549.671467101	392992.959463494	392997.444852101	4.537901281
278	391549.671467101	391548.064163465	392997.444852101	392998.575308642	1.965033579
279	391548.064163465	391545.436915803	392998.575308642	392999.649730549	2.838452520
280	391545.840228191	391547.849317869	393056.677912155	393057.641106109	2.228044866
281	391547.849317869	391549.210928546	393057.641106109	393059.203347134	2.072337003
282	391549.210928546	391549.62712392	393059.203347134	393063.422008354	4.239141549
283	391546.219381136	391548.341995534	393253.326405345	393249.493652419	4.381265441
284	391548.341995534	391551.891875509	393249.493652419	393244.615169183	6.033344555
285	391551.891875509	391555.71337516	393244.615169183	393246.16153952	4.122513893
286	391555.71337516	391557.001776046	393246.16153952	393247.674366459	1.987114035
287	391557.001776046	391556.521752918	393247.674366459	393253.123302761	5.470039216
288	391552.752551404	391551.891875509	393240.450649511	393244.615169183	4.252527141
289	391552.752551403	391553.698623209	393240.450649511	393235.872927894	4.674461153
290	391553.698623209	391557.416214128	393235.872927894	393237.61021514	4.103492319
291	391557.416214128	391560.333146026	393237.61021514	393239.478815585	3.464124610
292	391560.333146026	391562.274276884	393239.478815585	393242.213338873	3.353446975
293	391590.115336753	391589.697006385	393221.215191382	393224.817155907	3.626175497
294	391589.697006385	391589.431651856	393224.817155907	393227.726333493	2.921254396
295	391589.431651856	391589.176976202	393227.726333493	393230.72570917	3.010168457
296	391589.176976202	391582.340205433	393230.72570917	393230.035336645	6.871539039
297	391582.340205433	391575.553494815	393230.035336645	393229.30914846	6.825451654
298	391575.553494815	391568.867205441	393229.30914846	393228.653242027	6.718383648
299	391568.867205441	391562.193381566	393228.653242027	393227.880743652	6.718383648
300	391562.193381566	391558.105801626	393227.880743652	393227.335152973	4.123830616
301	391558.105801626	391555.875889788	393227.335152973	393228.107833427	2.359987688
302	391555.875889788	391554.498508734	393228.107833427	393229.776839855	2.163968812
303	391554.498508734	391553.698623209	393229.776839855	393235.872927894	6.148341746
304	391597.842680289	391594.464751815	393119.632089109	393118.981453067	3.440018610
305	391594.464751815	391590.670887981	393118.981453067	393118.416444565	3.835705592
306	391590.670887981	391585.078425345	393118.416444565	393118.459550811	5.592628763
307	391585.078425345	391566.853408552	393118.459550811	393118.503949903	18.22507087
308	391566.853408552	391561.318559242	393118.503949903	393118.492668247	5.534860808
309	391561.318559242	391558.493671396	393118.492668247	393120.913985664	3.720587234
310	391558.493671396	391557.455146269	393120.913985664	393124.136461878	3.385688614
311	391565.317706528	391561.14401789	393019.353221319	393018.707298172	4.223374664
312	391561.14401789	391559.59237157	393018.707298172	393017.401506209	2.027979030
313	391559.59237157	391560.342986621	393017.401506209	393011.727781789	5.723160992
314	391566.989442755	391563.680117811	393004.67795526	393004.517604658	3.313207495
315	391563.680117811	391560.428273622	393004.517604658	393006.279731507	3.698591847
316	391566.853408553	391566.813943034	393118.503949904	393123.001210726	4.497433982
317	391566.813943034	391564.61393443	393123.001210726	393127.755624047	5.238748313
318	391564.61393443	391561.170789615	393127.755624047	393131.46146497	5.058507997
319	391563.027575017	391562.372008618	393057.212063394	393062.081184479	4.913054797
320	391562.372008618	391563.220123053	393062.081184479	393066.053800337	4.062139195
321	391563.448311597	391569.046242468	393051.539083757	393053.187873285	5.835695069
322	391569.046242468	391573.723133858	393053.187873285	393056.238737796	5.584002805
323	391570.407993704	391569.147521811	393062.741245938	393060.629185006	2.459591586
324	391569.147521811	391566.92271359	393060.629185006	393058.6231171	2.995676894
325	391566.92271359	391563.027575016	393058.6231171	393057.212063388	4.142846496
326	391563.027575016	391563.448311597	393057.212063388	393051.539083757	5.688560201
327	391564.958907764	391563.448311597	393037.695234414	393051.539083757	13.92602116
328	391564.958907764	391570.114631484	393037.695234414	393038.259224895	5.186479764
329	391570.114631484	391576.929922384	393038.259224895	393039.178516264	6.877011463
330	391576.929922384	391583.601927731	393039.178516264	393040.690301442	6.841136585
331	391583.601927731	391585.636594565	393040.690301442	393041.757791146	2.297695235
332	391585.636594565	391584.941364265	393041.757791146	393045.202385465	3.514053954
333	391584.941364265	391582.886917987	393045.202385465	393052.982686558	8.046976736
334	391582.886917987	391588.345773576	393052.982686558	393054.401368418	5.640191713
335	391588.345773576	391592.465248836	393054.401368418	393058.543753879	5.842040202
336	391587.708198523	391584.637480729	393032.838745152	393032.575529015	3.081978343
337	391584.637480729	391571.758128964	393032.575529015	393030.534968216	13.03999962
338	391571.758128964	391568.860064949	393030.534968216	393029.995936526	2.947766985
339	391568.860064949	391565.847661031	393029.995936526	393029.493983687	3.053937460
340	391565.847661031	391564.193768098	393029.493983687	393029.219667478	1.676487762
341	391564.193768098	391565.317706528	393029.219667478	393019.353221319	9.930256663
342	391566.33222943	391565.317706528	393010.447274757	393019.353221319	8.963545107
343	391566.33222943	391566.989442757	393010.447274757	393004.677955258	5.806632143
344	391566.989442757	391569.771013068	393004.677955258	393001.682449083	4.087810004
345	391569.771013068	391574.420920159	393001.682449083	392999.899849212	4.979889382
346	391574.101642814	391570.196848786	393006.11577072	393008.516099647	4.583557064
347	391570.196848786	391566.33222943	393008.516099647	393010.447274757	4.320268518
348	391575.839887641	391571.727131949	393161.899540951	393161.157014288	4.179246969
349	391571.727131949	391567.082746071	393161.157014288	393160.983855561	4.647612734
350	391582.574886793	391575.839887646	393163.733017533	393161.899540949	6.980103860
351	391575.839887646	391574.830368695	393161.899540949	393166.548952567	4.757747040
352	391574.830368695	391573.679757228	393166.548952567	393167.664375848	1.602521714
353	391573.679757228	391571.164547935	393167.664375848	393168.063304361	2.546649120
354	391571.164547935	391567.186137304	393168.063304361	393169.155082532	4.125497632
355	391567.213791676	391571.13020061	393242.209896265	393241.870658883	3.931073764
356	391571.13020061	391574.225434416	393241.870658883	393238.229131496	4.779246177
357	391579.173855018	391574.336157736	393143.715172632	393142.857972279	4.913054797
358	391574.336157736	391570.331749155	393142.857972279	393143.540384739	4.062139195
359	391573.164141501	391573.113422967	393254.302898701	393249.665472021	4.637704020
360	391573.113422967	391574.593605645	393249.665472021	393248.430496748	1.927720074
361	391574.593605645	391577.365179507	393248.430496748	393247.097332461	3.075540389
362	391584.824469186	391579.173855024	393144.371127479	393143.715172631	5.688560201
363	391579.173855024	391577.602265516	393143.715172631	393147.548354535	4.142846496
364	391577.602265516	391575.505538706	393147.548354535	393149.687937846	2.995676894
365	391575.505538706	391573.342956189	393149.687937846	393150.859615118	2.459591586
366	391574.225434416	391577.365179507	393238.229131496	393247.097332461	9.407602648
367	391575.553494817	391574.225434416	393229.309148461	393238.229131496	9.018305925
368	391592.660258307	391582.574886793	393166.509565317	393163.733017534	10.46058966
369	391582.574886793	391580.930739413	393163.733017534	393169.128250796	5.640191713
370	391580.930739413	391576.620858235	393169.128250796	393173.072152157	5.842040202
371	391577.365179507	391579.429469769	393247.097332461	393247.9357176	2.228044866
372	391579.429469769	391580.884170925	393247.9357176	393249.411666517	2.072337003
373	391580.884170925	391581.557863593	393249.411666517	393253.596933446	4.239141549
374	391579.702187721	391582.944637268	393154.441924526	393149.895760399	5.584002805
375	391582.944637268	391584.824469186	393149.895760399	393144.371127479	5.835695069
376	391581.334706553	391580.763610355	393059.788014589	393063.928057386	4.179246969
377	391580.763610355	391580.783467897	393063.928057386	393068.575627699	4.647612734
378	391582.886917987	391581.33470655	393052.982686558	393059.788014585	6.980103859
379	391581.33470655	391586.022029706	393059.788014585	393060.603587108	4.757747041
380	391586.022029706	391587.184272124	393060.603587108	393061.706885983	1.602521714
381	391587.184272124	391587.687305334	393061.706885983	393064.203359362	2.546649121
382	391587.687305334	391588.943352742	393064.203359362	393068.133000011	4.125497632
383	391584.824469186	391594.977805993	393144.371127479	393146.46526183	10.36704620
384	391585.636594566	391587.708198524	393041.757791145	393032.838745151	9.156468991
385	391592.178540565	391588.263556067	393020.497638903	393019.138532095	4.144185678
386	391588.263556067	391586.081141084	393019.138532095	393016.086203838	3.752285029
387	391587.708198524	391588.793309915	393032.838745151	393032.516158386	1.132046356
388	391588.793309915	391589.842861129	393032.516158386	393029.952994177	2.769723544
389	391589.842861129	391592.178540565	393029.952994177	393020.497638903	9.739565791
390	391588.793309914	391600.036686802	393032.516158387	393036.018043901	11.77610827
391	391600.036686802	391600.803931476	393036.018043901	393031.799639755	4.287609815
392	391600.803931476	391600.87040826	393031.799639755	393027.241397099	4.558727374
393	391593.438544765	391590.507119636	393014.533474069	393013.342678958	3.164055353
394	391590.507119636	391588.926675174	393013.342678958	393010.288322316	3.439025907
395	391599.311430069	391594.151092479	393231.932585079	393231.624903898	5.169502079
396	391594.151092479	391589.176976201	393231.624903898	393230.725709173	5.054738756
397	391594.151092482	391593.52367811	393231.624903899	393237.402501447	5.811564523
398	391593.52367811	391592.28670091	393237.402501447	393240.212649421	3.070349203
399	391592.28670091	391590.548769273	393240.212649421	393242.395776881	2.790421451
400	391592.172728105	391592.660258307	393173.18685332	393166.509565317	6.695062417
401	391595.80120183	391592.525184036	393221.951267625	393221.56236566	3.299020661
402	391592.525184036	391590.115336752	393221.56236566	393221.215191382	2.434726660
403	391590.115336752	391591.247996513	393221.215191382	393203.330393345	17.92062830
404	391591.247996513	391591.395247785	393203.330393345	393193.31612475	10.01535113
405	391591.395247785	391592.172728107	393193.31612475	393173.18685332	20.14428067
406	391593.438544766	391592.178540565	393014.533474066	393020.497638903	6.095807804
407	391592.660258307	391593.342053492	393166.509565317	393159.801576166	6.742548710
408	391593.342053492	391594.101737617	393159.801576166	393153.1262815	6.718383648
409	391594.101737617	391594.977805993	393153.1262815	393146.46526183	6.718383648
410	391594.977805993	391597.84268029	393146.46526183	393119.63208911	26.98567514
411	391593.438544766	391593.912468439	393014.533474066	393008.525258384	6.026878074
412	391599.325100984	391597.430116751	393009.496309567	393013.328993999	4.275562559
413	391597.430116751	391593.438544766	393013.328993999	393014.533474066	4.169342770
414	391595.80120183	391599.415162622	393221.951267627	393222.335142527	3.634291202
415	391599.415162622	391609.607918493	393222.335142527	393223.516608059	10.26100058
416	391609.607918493	391614.513090719	393223.516608059	393223.791230263	4.912853746
417	391614.513090719	391615.65502174	393223.791230263	393217.252955544	6.637246624
418	391596.734090829	391598.022126825	393242.790433228	393241.22661157	2.025975050
419	391598.022126825	391599.115922996	393241.22661157	393238.227607725	3.192242805
420	391599.115922996	391599.311430069	393238.227607725	393231.932585079	6.298057885
421	391603.825229917	391597.84268029	393119.964714622	393119.63208911	5.991789362
422	391599.311430069	391603.38192107	393231.932585079	393232.175284991	4.077719980
423	391599.641316063	391599.643797341	393195.157395744	393201.942104695	6.784709405
424	391599.643797341	391599.424688919	393201.942104695	393208.840442049	6.901816192
425	391599.424688919	391599.415162623	393208.840442049	393222.335142526	13.49470383
426	391605.308132051	391601.594290486	393100.494734443	393099.612250675	3.817249896
427	391601.594290486	391600.090708859	393099.612250675	393097.310197349	2.749583100
428	391600.090708859	391599.608926824	393097.310197349	393091.364414999	5.965269624
429	391613.461374492	391599.641316063	393195.950510852	393195.157395744	13.84279764
430	391599.641316063	391599.831642408	393195.157395744	393188.226840755	6.933167859
431	391599.831642408	391600.170154241	393188.226840755	393183.123061207	5.114993249
432	391600.170154241	391600.841562824	393183.123061207	393175.222724964	7.928814680
433	391600.841562824	391601.268758076	393175.222724964	393168.633008825	6.603548635
434	391601.268758076	391601.758874197	393168.633008825	393162.410725398	6.241556284
435	391601.758874197	391602.1620302	393162.410725398	393155.141461322	7.280435080
436	391600.036686804	391604.108641258	393036.018043902	393037.01333157	4.191826643
437	391600.841562825	391615.297535535	393175.222724962	393175.221656898	14.45597274
438	391603.38192107	391603.357363161	393232.175284991	393237.590587402	5.415358094
439	391603.357363161	391602.798885995	393237.590587402	393240.700884058	3.160038296
440	391602.798885995	391601.74672594	393240.700884058	393243.641103025	3.122807767
441	391602.1620302	391602.185994848	393155.141461322	393147.251336281	7.890161435
442	391602.185994848	391602.940852877	393147.251336281	393139.944967983	7.345258902
443	391602.940852877	391604.107674326	393139.944967983	393135.627952345	4.471923111
444	391604.107674326	391606.930502073	393135.627952345	393134.454773844	3.056910904
445	391606.930502073	391609.232775195	393134.454773844	393134.552691174	2.304354428
446	391609.232775195	391617.638160114	393134.552691174	393135.293362457	8.437955296
447	391617.638160114	391618.05106206	393135.293362457	393131.90649686	3.411941762
448	391618.05106206	391618.946907546	393131.90649686	393130.872108612	1.368392554
449	391618.946907546	391621.757851129	393130.872108612	393131.042868337	2.816125478
450	391602.1620302	391614.904897708	393155.141461322	393154.677988019	12.75129326
451	391608.604583625	391603.38192107	393232.486682252	393232.175284991	5.231937730
452	391603.825229917	391605.308132053	393119.964714622	393100.494734441	19.52637004
453	391605.308132053	391607.715137907	393100.494734441	393096.26712679	4.864806638
454	391607.715137907	391608.269546965	393096.26712679	393090.428628127	5.864762231
455	391625.310214031	391619.936024597	393119.391306572	393119.394022692	5.374190120
456	391619.936024597	391614.562701081	393119.394022692	393119.490530937	5.374190120
457	391614.562701081	391609.191880249	393119.490530937	393119.680801909	5.374190120
458	391609.191880249	391603.825229917	393119.680801909	393119.964714622	5.374155023
459	391616.45246133	391613.581595262	393037.646301397	393036.935753713	2.957490489
460	391613.581595262	391612.284835093	393036.935753713	393037.218788436	1.327288812
461	391612.284835093	391611.383796187	393037.218788436	393038.791300256	1.812364349
462	391611.383796187	391608.683483112	393038.791300256	393038.1315376	2.779744136
463	391608.683483112	391604.108641285	393038.1315376	393037.013331577	4.709518281
464	391604.108641285	391605.699037092	393037.013331577	393033.712588744	3.663913491
465	391605.699037092	391604.66096025	393033.712588744	393028.513872269	5.301344783
466	391608.604583625	391608.837484113	393232.486682252	393236.144021567	3.664747399
467	391608.837484113	391608.464304942	393236.144021567	393239.932342568	3.806657155
468	391608.464304942	391606.687192523	393239.932342568	393244.106567047	4.536769616
469	391607.941834304	391609.15424765	393029.059114968	393031.711560863	2.916404523
470	391609.15424765	391609.75885196	393031.711560863	393033.800677946	2.174846329
471	391609.75885196	391608.68348311	393033.800677946	393038.131537598	4.462371958
472	391619.91466745	391618.982376667	393233.16103735	393233.105450225	0.933946483
473	391618.982376667	391618.34785324	393233.105450225	393233.067617251	0.635650307
474	391618.34785324	391615.434738892	393233.067617251	393232.893925036	2.918287887
475	391615.434738892	391614.645233161	393232.893925036	393232.846852216	0.790907800
476	391614.645233161	391608.604583625	393232.846852216	393232.486682252	6.051377465
477	391611.383796114	391611.931752809	393038.791300494	393041.001272245	2.276890791
478	391611.931752809	391613.355461116	393041.001272245	393042.218819295	1.873330234
479	391613.355461116	391615.581347745	393042.218819295	393042.682251013	2.273618314
480	391615.65502174	391612.73230484	393217.252955544	393216.645849429	2.985105008
481	391612.73230484	391611.323342063	393216.645849429	393216.255337147	1.462079324
482	391611.323342063	391611.469090115	393216.255337147	393215.040788242	1.223262660
483	391611.469090115	391612.228824854	393215.040788242	393211.848452189	3.281494529
484	391614.645233161	391614.166280919	393232.846852217	393237.604903959	4.782096991
485	391614.166280919	391613.967307344	393237.604903959	393240.343870565	2.746184362
486	391613.967307344	391612.294075027	393240.343870565	393244.771403575	4.733154861
487	391622.002539465	391613.461374492	393197.461536688	393195.950510852	8.673793758
488	391613.461374492	391614.661360023	393195.950510852	393189.902398255	6.166006102
489	391614.513090721	391625.18231804	393223.791230262	393224.281157032	10.68047001
490	391630.082239077	391624.992269735	393158.900546698	393158.648859326	5.096188225
491	391624.992269735	391623.697367175	393158.648859326	393157.166979115	1.967928250
492	391623.697367175	391623.337212689	393157.166979115	393154.839984455	2.354700702
493	391623.337212689	391614.904897708	393154.839984455	393154.677988019	8.433870925
494	391614.904897708	391618.450994908	393154.677988019	393150.840932762	5.224729505
495	391621.514716313	391615.297535535	393176.056544342	393175.221656898	6.272987634
496	391615.297535535	391615.602902971	393175.221656898	393169.870979557	5.359384038
497	391615.65502174	391616.459212896	393217.252955544	393212.892437962	4.434054238
498	391617.638160115	391624.54125722	393135.293362458	393136.327335497	6.980103860
499	391624.54125722	391624.745721658	393136.327335497	393133.744227269	2.591187724
500	391624.745721658	391625.534336058	393133.744227269	393133.264341184	0.923148594
501	391625.534336058	391630.413309695	393133.264341184	393133.522532371	4.885800490
502	391623.921326177	391619.91466745	393233.399931314	393233.16103735	4.013774343
503	391629.65064167	391621.514716313	393176.569045073	393176.056544342	8.152051178
504	391621.514716313	391621.883145146	393176.056544342	393172.54999562	3.525850783
505	391621.883145146	391622.5708028	393172.54999562	393171.019862151	1.677552228
506	391622.5708028	391623.968201666	393171.019862151	393170.476840269	1.499198570
507	391623.968201666	391629.768902213	393170.476840269	393170.384700083	5.801432293
508	391623.337212691	391623.637189144	393154.839984455	393151.835690774	3.019232749
509	391623.637189144	391625.592709218	393151.835690774	393151.570991811	1.973353567
510	391625.592709218	391629.464351244	393151.570991811	393151.631829031	3.872119981
511	391624.541257223	391624.714040036	393136.327335497	393138.211983581	1.892551795
512	391624.714040036	391625.892430692	393138.211983581	393138.822074688	1.326957308
513	391625.892430692	391630.276037189	393138.822074688	393139.087166734	4.391614704
514	391626.545826931	391625.943209737	393097.495390331	393096.791909961	0.926300228
515	391625.943209737	391625.572593548	393096.791909961	393095.871181705	0.992520468
516	391625.572593548	391625.370584588	393095.871181705	393094.139637535	1.743287937
517	391625.370584588	391625.694260718	393094.139637535	393089.536789636	4.614214453
518	391628.494094965	391627.804354767	393233.672579153	393233.631453922	0.690965140
519	391627.804354767	391625.789070728	393233.631453922	393233.511294152	2.018863078
520	391625.789070728	391623.92132618	393233.511294152	393233.399931315	1.871061564
521	391623.92132618	391624.000461046	393233.399931315	393237.677174005	4.277974679
522	391624.000461046	391625.73286537	393237.677174005	393240.66397772	3.452856957
523	391625.73286537	391627.586069933	393240.66397772	393244.1367729	3.936327414
524	391628.300369755	391626.503922035	393214.495432081	393217.256039762	3.293657417
525	391626.503922035	391625.480063096	393217.256039762	393220.228434496	3.143790321
526	391625.480063096	391625.182317229	393220.228434496	393224.28115531	4.063643512
527	391625.182317229	391634.000538022	393224.28115531	393224.843056518	8.836104962
528	391634.061182546	391628.494094964	393234.004512493	393233.672579153	5.576974438
529	391629.604333007	391622.002539464	393198.87287222	393197.461536688	7.731696647
530	391622.002539464	391622.574028174	393197.461536688	393193.788099091	3.717626006
531	391622.574028174	391623.375739099	393193.788099091	393192.577588347	1.451921715
532	391623.375739099	391624.643393894	393192.577588347	393192.316339229	1.294295090
533	391624.643393894	391630.000263188	393192.316339229	393192.745732422	5.374051278
534	391634.061182546	391633.973902638	393234.004512493	393237.350130923	3.346756708
535	391633.973902638	391633.845669778	393237.350130923	393240.513853464	3.166320258
536	391633.845669778	391632.465605132	393240.513853464	393244.493726879	4.212359295
537	391637.931911269	391636.952206256	393244.813261516	393240.232708034	4.684153297
538	391636.952206256	391637.511400294	393240.232708034	393234.210229086	6.048384135
539	391637.511400294	391636.300363353	393234.210229086	393234.13939196	1.213106908
540	391636.300363353	391634.061182546	393234.13939196	393234.004512493	2.243239433
541	391634.111658224	391634.000538024	393214.889599421	393224.843056518	9.954077349
542	391634.000538024	391639.943898245	393224.843056518	393225.221770252	5.955413906
543	391639.58739394	391636.054642767	393119.981098066	393119.667225445	3.546667008
544	391636.054642767	391630.683632353	393119.667225445	393119.482383404	5.374190120
545	391630.683632353	391625.310214037	393119.482383404	393119.391306572	5.374190114
546	391625.310214037	391626.545826931	393119.391306572	393097.495390332	21.93075209
547	391626.545826931	391631.621125343	393097.495390332	393097.351924394	5.077325717
548	391631.621125343	391633.414776465	393097.351924394	393096.677907745	1.916111371
549	391633.414776465	391634.416990686	393096.677907745	393094.738983868	2.182626662
550	391634.416990686	391634.692922396	393094.738983868	393089.364261491	5.381800715
551	391643.553170667	391637.511400296	393234.570465026	393234.210229086	6.052500238
552	391639.587393941	391647.851304309	393119.981098067	393120.827150798	8.307106583
553	391647.851304309	391646.593864295	393120.827150798	393124.762335208	4.131202213
554	391639.943898245	391639.924985432	393225.221770252	393215.192116665	10.02967141
555	391644.801378008	391644.813909355	393215.223350132	393224.340484316	9.117142796
556	391644.813909355	391644.785356685	393224.340484316	393225.570572452	1.230419471
557	391644.785356685	391642.582417017	393225.570572452	393225.389897919	2.210336279
558	391642.582417017	391639.943898245	393225.389897919	393225.221770252	2.643869933
559	391646.593864295	391644.540134946	393124.762335208	393124.534746999	2.066301195
560	391644.540134946	391643.277122517	393124.534746999	393124.759710344	1.282890837
561	391643.277122517	391642.798995013	393124.759710344	393125.738063699	1.088935809
562	391642.798995013	391641.798410301	393125.738063699	393129.87089932	4.252234710
563	391655.160441798	391651.597344619	393226.404280724	393226.153982866	3.571877730
564	391651.597344619	391649.155547957	393226.153982866	393225.932188003	2.451849078
565	391649.155547957	391646.410552628	393225.932188003	393225.731740106	2.752304255
566	391646.410552628	391644.785356686	393225.731740106	393225.570572451	1.633167739
567	391645.811034758	391647.021716945	393131.173174209	393126.554079448	4.775121754
568	391647.021716945	391647.431821672	393126.554079448	393124.940849427	1.664541074
569	391646.593864295	391647.431821672	393124.762335208	393124.940849427	0.856761280
570	391648.287085977	391643.553170668	393234.852721103	393234.570465027	4.742322494
571	391643.553170668	391643.299306397	393234.570465027	393238.997227482	4.434035735
572	391643.299306397	391645.356815037	393238.997227482	393244.286335407	5.675209638
573	391645.356815037	391647.111633298	393244.286335407	393245.643740399	2.218543540
574	391647.431821672	391649.118989718	393124.940849427	393125.218165502	1.709807071
575	391649.118989718	391650.103580321	393125.218165502	393125.544704711	1.037326617
576	391650.103580321	391650.537165401	393125.544704711	393126.034170271	0.653890323
577	391650.537165401	391649.005322853	393126.034170271	393131.778606181	5.945173296
578	391647.85130431	391650.213874289	393120.827150797	393110.882959715	10.22099178
579	391650.213874289	391649.459151765	393110.882959715	393110.471944006	0.859383500
580	391649.459151765	391649.009319496	393110.471944006	393109.860509039	0.759079567
581	391649.009319496	391648.822043252	393109.860509039	393109.187152499	0.698914459
582	391648.822043252	391649.14959923	393109.187152499	393107.134981467	2.078147941
583	391662.15941167	391647.851304312	393122.292003714	393120.827150798	14.38289714
584	391649.419754987	391648.287085979	393241.069569894	393234.852721103	6.319188870
585	391648.287085979	391653.484541328	393234.852721103	393235.162615406	5.206685758
586	391653.484541328	391654.28070265	393235.162615406	393239.456810441	4.367377228
587	391654.28070265	391653.631839542	393239.456810441	393243.150709057	3.750454680
588	391650.213874291	391651.004904172	393110.882959716	393110.973303856	0.796172303
589	391651.004904172	391651.681808631	393110.973303856	393110.929919029	0.678293365
590	391651.681808631	391651.960367712	393110.929919029	393110.684708738	0.371110830
591	391651.960367712	391652.162197752	393110.684708738	393110.328806409	0.409147690
592	391652.162197752	391652.516335865	393110.328806409	393107.950726143	2.404304381
593	391655.160441798	391653.271384525	393226.404280724	393220.599437137	6.104485764
594	391658.130369068	391658.074150773	393243.028565232	393236.946142205	6.082682827
595	391658.074150773	391657.333376181	393236.946142205	393235.390869146	1.722678520
596	391657.333376181	391656.116504439	393235.390869146	393235.154171384	1.239678453
597	391656.116504439	391653.48454133	393235.154171384	393235.162615406	2.631976654
598	391661.668850744	391655.160441798	393226.281902994	393226.404280724	6.509559380
599	391656.445108773	391656.882039328	393138.371877073	393135.4947427	2.910122078
600	391656.882039328	391657.313637471	393135.4947427	393134.773702266	0.840342944
601	391657.313637471	391658.340499284	393134.773702266	393134.433445314	1.081767061
602	391658.340499284	391660.063390851	393134.433445314	393134.236107143	1.734156194
603	391661.668850744	391659.71340618	393226.281902994	393219.94100436	6.635567718
604	391660.004577557	391660.1973467	393112.039209325	393113.850276959	1.821297866
605	391660.1973467	391660.677690117	393113.850276959	393115.397498548	1.620069271
606	391660.677690117	391661.630160298	393115.397498548	393116.346145378	1.344295449
607	391661.630160298	391663.273004569	393116.346145378	393116.675929811	1.675617817
608	391663.273004569	391664.94174879	393116.675929811	393116.503532974	1.677625686
609	391664.94174879	391666.529964255	393116.503532974	393115.879603233	1.706375305
610	391666.529964255	391668.033386066	393115.879603233	393114.302297893	2.179029435
611	391668.033386066	391668.393633647	393114.302297893	393111.953082705	2.376676317
612	391662.159411671	391661.101480998	393122.292003718	393128.346988941	6.146711589
613	391661.101480998	391660.063390851	393128.346988941	393134.236107143	5.979911733
614	391660.063390851	391661.490845662	393134.236107143	393134.196121146	1.428014746
615	391661.490845662	391662.176423217	393134.196121146	393134.653953381	0.824394892
616	391662.176423217	391662.92205019	393134.653953381	393135.248803848	0.953837859
617	391662.92205019	391662.308925434	393135.248803848	393139.123295793	3.922704398
618	391667.103115239	391661.668850744	393226.626043925	393226.281902994	5.445150464
619	391662.159411671	391678.074222776	393122.292003714	393123.921349722	15.99799927
620	391662.15941167	391663.273004569	393122.292003714	393116.675929814	5.725414848
621	391667.103115239	391666.08319998	393226.626043925	393220.458351475	6.251452414
622	391673.869982223	391667.103115239	393227.043628206	393226.626043925	6.779739331
623	391673.869982223	391672.822038912	393227.043628206	393220.060066461	7.061750479
624	391679.356867909	391673.869982223	393227.684905718	393227.043628206	5.524233103
625	391678.852078964	391678.359395434	393135.214677633	393132.482332358	2.776409149
626	391678.359395434	391678.169396337	393132.482332358	393132.050899575	0.471416908
627	391678.169396337	391677.678724633	393132.050899575	393131.716961291	0.593526326
628	391677.678724633	391677.085891105	393131.716961291	393131.6335283	0.598675751
629	391677.085891105	391676.475802939	393131.6335283	393132.0551388	0.741594892
630	391676.475802939	391676.290436773	393132.0551388	393133.064125984	1.025873166
631	391676.290436773	391676.096099906	393133.064125984	393134.805949496	1.752631154
632	391677.085891107	391678.074222775	393131.633528299	393123.921349722	7.775249056
633	391678.074222775	391691.556885692	393123.921349722	393127.335004641	13.90809977
634	391691.556885692	391689.095807628	393127.335004641	393135.862061196	8.875111195
635	391689.095807628	391691.912018548	393135.862061196	393141.177165137	6.015095498
636	391681.18636994	391678.074222776	393113.234541802	393123.921349722	11.13073777
637	391679.356867909	391679.143093947	393227.684905718	393221.375419267	6.313106888
638	391684.778816828	391679.356867909	393227.686775226	393227.684905718	5.421949241
639	391681.186369939	391680.252133574	393113.234541802	393112.827956048	1.018876616
640	391680.252133574	391679.828181901	393112.827956048	393112.054356099	0.882151859
641	391679.828181901	391679.700581303	393112.054356099	393111.336032512	0.729568837
642	391679.700581303	391680.301285661	393111.336032512	393108.324561763	3.070798234
643	391681.186369942	391681.946745577	393113.234541801	393113.061365103	0.779846955
644	391681.946745577	391682.550287812	393113.061365103	393112.684523817	0.711528344
645	391682.550287812	391682.976500044	393112.684523817	393112.016250798	0.792619513
646	391682.976500044	391683.388248371	393112.016250798	393109.281918184	2.765160307
647	391684.778816829	391688.889601833	393227.686775225	393227.55580422	4.112870865
648	391688.889601833	391690.314268456	393227.55580422	393226.507057773	1.769051750
649	391690.314268456	391690.817361253	393226.507057773	393223.400930768	3.146605684
650	391690.817361253	391692.008875644	393223.400930768	393222.115281185	1.752883736
651	391692.008875644	391692.469508961	393222.115281185	393220.208586511	1.961547254
652	391692.469508961	391691.978118749	393220.208586511	393217.731217707	2.525632699
653	391690.817361252	391688.949889985	393223.400930771	393222.543930002	2.054726076
654	391688.949889985	391688.587035109	393222.543930002	393221.865906489	0.769012057
655	391688.587035109	391688.142207162	393221.865906489	393220.944798473	1.022893875
656	391688.142207162	391687.936343195	393220.944798473	393219.458753841	1.500236188
657	391687.936343195	391687.687355322	393219.458753841	393215.869030099	3.598348440
658	391699.036240965	391691.556885694	393129.228691227	393127.335004642	7.715361569
659	391700.399148844	391698.558079476	393117.3526235	393117.127959664	1.854726464
660	391698.558079476	391698.049754421	393117.127959664	393116.838445327	0.584989669
661	391698.049754421	391697.084413078	393116.838445327	393116.497469956	1.023791049
662	391697.084413078	391695.534875857	393116.497469956	393115.150486833	2.053151025
663	391695.534875857	391695.289026115	393115.150486833	393112.147058802	3.013473416
664	391699.036240965	391700.399148845	393129.228691227	393117.352623501	11.95401616
665	391708.237346815	391705.958974601	393132.186139497	393130.316912966	2.947030330
666	391705.958974601	391699.036240966	393130.316912966	393129.228691227	7.007743398
667	391699.036240966	391698.324858561	393129.228691227	393135.411688809	6.223786952
668	391698.324858561	391699.658648621	393135.411688809	393141.461523015	6.195118226
669	391700.399148845	391700.787930597	393117.352623501	393113.110806754	4.259596292
670	391700.399148845	391703.429959755	393117.352623501	393115.863441536	3.376903567
671	391703.429959755	391704.332238587	393115.863441536	393115.625329966	0.933168907
672	391704.332238587	391705.565345354	393115.625329966	393114.951421324	1.405242027
673	391705.565345354	391706.492669954	393114.951421324	393114.320713672	1.121482525
674	391706.492669954	391706.87495908	393114.320713672	393112.677686323	1.686915482
675	391707.594363403	391709.373327085	393141.219192656	393135.115330409	6.357817716
676	391709.373327085	391708.237346815	393135.115330409	393132.186139498	3.141752786
677	391708.237346815	391710.995565048	393132.186139498	393129.046332921	4.179252703
678	391721.245241066	391718.152771452	393125.866595893	393128.674996172	4.177377219
679	391718.152771452	391715.837241556	393128.674996172	393129.945034573	2.640961234
680	391715.837241556	391714.075504164	393129.945034573	393130.018403653	1.763264489
681	391714.075504164	391710.995565048	393130.018403653	393129.04633292	3.229697581
682	391710.995565048	391716.299286623	393129.04633292	393124.39015594	7.057580790
683	391716.299286623	391713.889798439	393124.39015594	393122.433761164	3.103725798
684	391713.889798439	391713.055148164	393122.433761164	393121.089061728	1.582674208
685	391713.055148164	391713.16678401	393121.089061728	393119.700402482	1.393139283
686	391713.16678401	391716.068600374	393119.700402482	393116.380315949	4.409479878
687	391716.299286623	391720.829313773	393124.39015594	393120.097830317	6.240609363