559	390681.470017479	390679.856690652	393393.101202876	393395.596806067	2.971676082
0	390478.725730163	390481.801781782	393369.679778949	393366.71020968	4.275562559
1	390481.801781782	390485.96575375	393366.71020968	393366.921767208	4.169342770
2	390483.494227496	390485.96575375	393372.418567851	393366.921767208	6.026878074
3	390485.96575375	390489.162502332	393366.921767208	393361.731423165	6.095807804
4	390485.965753752	390488.324192758	393366.921767206	393369.031035264	3.164055353
5	390488.324192758	390488.78252549	393369.031035264	393372.439382415	3.439025907
6	390489.162502332	390492.390196433	393361.731423165	393364.330704936	4.144185678
7	390492.390196433	390493.415950436	393364.330704936	393367.940063836	3.752285029
8	390502.488248495	390497.531326195	393343.920875166	393351.619566334	9.156468991
9	390497.531326195	390496.400983313	393351.619566334	393351.557486355	1.132046356
10	390496.400983313	390494.548831238	393351.557486355	393353.616831202	2.769723544
11	390494.548831238	390489.162502332	393353.616831202	393361.731423165	9.739565791
12	390497.531326195	390500.333587625	393351.619566334	393352.90250101	3.081978343
13	390500.333587625	390511.771254513	393352.90250101	393359.165197428	13.03999962
14	390511.771254513	390514.317991378	393359.165197428	393360.649603552	2.947766985
15	390514.317991378	390516.984874999	393360.649603552	393362.137644469	3.053937460
16	390516.984874999	390518.449495778	393362.137644469	393362.953424581	1.676487762
17	390518.449495778	390514.065408542	393362.953424581	393371.86351866	9.930256663
18	390498.937361388	390503.916017917	393387.109645188	393386.9988416	4.979889382
19	390503.916017917	390507.54455538	393386.9988416	393385.116314971	4.087810004
20	390507.54455538	390510.10811267	393385.116314971	393379.906214121	5.806632143
21	390501.333309332	390505.818697402	393381.365165084	393380.421613699	4.583557064
22	390505.818697402	390510.10811267	393380.421613699	393379.906214121	4.320268518
23	390520.586212832	390515.922369352	393354.716003029	393352.447052534	5.186479764
24	390515.922369352	390509.81586251	393352.447052534	393349.284164478	6.877011463
25	390509.81586251	390504.043981654	393349.284164478	393345.611761836	6.841136585
26	390504.043981654	390502.488248497	393345.611761836	393343.920875165	2.297695234
27	390502.488248497	390504.303943789	393343.920875165	393340.912249931	3.514053954
28	390504.303943789	390508.860847122	393340.912249931	393334.279869769	8.046976736
29	390508.860847122	390504.199726338	393334.279869769	393331.104068202	5.640191713
30	390504.199726338	390501.717740273	393331.104068202	393325.815478702	5.842040202
31	390507.544555382	390510.6061339	393385.116314969	393386.382838117	3.313207495
32	390510.6061339	390514.261654032	393386.382838117	393385.820028888	3.698591847
33	390508.860847123	390512.61625234	393334.279869769	393328.396097038	6.980103859
34	390512.61625234	390508.47820131	393328.396097038	393326.048185077	4.757747041
35	390508.47820131	390507.755901142	393326.048185077	393324.617675269	1.602521714
36	390507.755901142	390508.123859556	393324.617675269	393322.09774901	2.546649121
37	390508.123859556	390508.265991191	393322.09774901	393317.974700463	4.125497632
38	390510.10811267	390514.065408542	393379.906214121	393371.86351866	8.963545107
39	390512.616252339	390514.549511423	393328.396097033	393324.690882526	4.179246969
40	390514.549511423	390516.097490093	393324.690882526	393320.308638105	4.647612734
41	390512.828876508	390516.384512424	393433.866946454	393431.307075342	4.381265441
42	390516.384512424	390521.677239426	393431.307075342	393428.410821312	6.033344555
43	390514.065408542	390517.777075807	393371.86351866	393373.878566966	4.223374664
44	390517.777075807	390518.797728815	393373.878566966	393375.630984265	2.027979030
45	390518.797728815	390516.178461202	393375.630984265	393380.719599884	5.723160992
46	390536.32671432	390530.313816481	393372.256793688	393369.25983883	6.718383648
47	390530.313816481	390524.354138509	393369.25983883	393366.158400885	6.718383648
48	390524.354138509	390518.449495781	393366.158400885	393362.953424582	6.718383648
49	390526.67509073	390521.960602871	393342.191641514	393338.752318736	5.835695069
50	390521.960602871	390518.585879393	393338.752318736	393334.303461716	5.584002805
51	390519.250602158	390521.410674447	393401.754695095	393397.763876163	4.537901281
52	390521.410674447	390523.304975023	393397.763876163	393397.241399082	1.965033579
53	390523.304975023	390526.140633842	393397.241399082	393397.115495263	2.838452520
54	390520.586212832	390525.418910354	393354.716003029	393356.81962424	5.270691372
55	390525.418910354	390529.03384942	393356.81962424	393358.356549777	3.928094265
56	390529.03384942	390532.498414309	393358.356549777	393359.95563456	3.815793758
57	390532.498414309	390538.472729907	393359.95563456	393362.86224591	6.643857043
58	390538.472729907	390544.375513335	393362.86224591	393352.677035424	11.77205864
59	390526.67509073	390520.586212832	393342.191641514	393354.716003029	13.92602116
60	390521.677239426	390524.472923754	393428.410821312	393431.440552312	4.122513893
61	390524.472923754	390524.992230361	393431.440552312	393433.358609359	1.987114035
62	390524.992230361	390522.232076352	393433.358609359	393438.081201749	5.470039216
63	390524.233322611	390521.677239426	393425.012229568	393428.410821312	4.252527141
64	390523.898950914	390524.373682323	393329.299059915	393331.712402175	2.459591586
65	390524.373682323	390525.792037724	393331.712402175	393334.351028336	2.995676894
66	390525.792037724	390528.983536417	393334.351028336	393336.99252662	4.142846496
67	390528.983536417	390526.67509073	393336.99252662	393342.191641514	5.688560201
68	390524.23332261	390527.043019327	393425.012229568	393421.276430935	4.674461152
69	390529.108283385	390529.492217245	393402.813154634	393399.625930446	3.210265290
70	390529.492217245	390528.746160683	393399.625930446	393398.307308192	1.515046217
71	390528.746160683	390526.140633842	393398.307308192	393397.115495263	2.865168088
72	390526.140633842	390531.517652945	393397.115495263	393384.042092114	14.13598968
73	390531.517652945	390536.326714321	393384.042092114	393372.256793689	12.72872068
74	390536.326714321	390542.39100044	393372.256793689	393375.148352559	6.718383647
75	390542.39100044	390548.504827601	393375.148352559	393377.933634645	6.718383648
76	390548.504827601	390554.666333471	393377.933634645	393380.611791523	6.718383648
77	390527.043019327	390529.66323889	393421.276430935	393424.434452256	4.103492319
78	390529.66323889	390531.503361988	393424.434452256	393427.369432035	3.464124610
79	390531.503361988	390532.091413181	393427.369432035	393430.670916915	3.353446975
80	390566.232038236	390564.316116885	393423.567077565	393426.645777634	3.626175497
81	390564.316116885	390562.834272496	393426.645777634	393429.163289194	2.921254396
82	390562.834272496	390561.323580919	393429.163289194	393431.766926093	3.010168457
83	390561.323580919	390555.435756125	393431.766926093	393428.224106882	6.871539039
84	390555.435756125	390549.608490182	393428.224106882	393424.670269249	6.825451654
85	390549.608490182	390543.842033605	393424.670269249	393421.222856104	6.718383648
86	390543.842033605	390538.136620942	393421.222856104	393417.675329474	6.718383648
87	390538.136620942	390534.673101296	393417.675329474	393415.437024172	4.123830616
88	390534.673101296	390532.326732968	393415.437024172	393415.183849217	2.359987688
89	390532.326732968	390530.368685888	393415.183849217	393416.105159509	2.163968812
90	390530.368685888	390527.043019327	393416.105159509	393421.276430935	6.148341746
91	390528.983536418	390531.242090549	393336.992526614	393332.629380882	4.913054797
92	390531.242090549	390531.7827658	393332.629380882	393328.603384717	4.062139195
93	390531.517652948	390537.614369957	393384.042092115	393387.145429744	6.841100988
94	390536.559716548	390540.246164526	393432.776405754	393434.14148533	3.931073764
95	390540.246164526	390544.59971498	393434.14148533	393432.169736747	4.779246177
96	390543.653308871	390540.577850397	393441.529614047	393441.552060998	3.075540389
97	390540.577850397	390538.712120319	393441.552060998	393442.036989819	1.927720074
98	390538.712120319	390536.778340109	393442.036989819	393446.252294396	4.637704020
99	390547.417948719	390541.936471705	393398.346162419	393397.069136085	5.628266741
100	390541.936471705	390540.342253001	393397.069136085	393397.213409302	1.600733593
101	390540.342253001	390539.408776817	393397.213409302	393398.403590491	1.512583567
102	390539.408776817	390537.08513533	393398.403590491	393404.888432419	6.888576383
103	390562.312433873	390559.794888501	393362.93220755	393368.771964458	6.359307780
104	390559.794888501	390558.2311941	393368.771964458	393370.511357338	2.338937315
105	390558.2311941	390555.389062942	393370.511357338	393370.506647455	2.842135060
106	390555.389062942	390551.523103672	393370.506647455	393369.046425894	4.132540148
107	390551.523103672	390545.499696617	393369.046425894	393366.26041079	6.636513595
108	390545.499696617	390538.472729907	393366.26041079	393362.86224591	7.805497145
109	390543.653308871	390545.162165749	393441.529614047	393443.168984307	2.228044866
110	390545.162165749	390545.847601372	393443.168984307	393445.124683329	2.072337003
111	390545.847601372	390544.670200485	393445.124683329	393449.197035012	4.239141549
112	390544.59971498	390543.653308871	393432.169736747	393441.529614047	9.407602648
113	390544.984857283	390543.41804666	393343.289187559	393341.705114201	2.228044866
114	390543.41804666	390542.662754376	393341.705114201	393339.775317781	2.072337003
115	390542.662754376	390543.693009428	393339.775317781	393335.663275027	4.239141549
116	390547.417948721	390544.147305273	393398.346162418	393406.629090211	8.905279410
117	390544.375513335	390544.984857283	393352.677035424	393343.289187559	9.407602648
118	390552.388508426	390548.655373674	393351.781752378	393350.550068218	3.931073764
119	390548.655373674	390544.375513335	393350.550068218	393352.677035424	4.779246177
120	390549.608490183	390544.59971498	393424.670269251	393432.169736747	9.018305925
121	390544.984857283	390548.057521307	393343.289187559	393343.15620456	3.075540389
122	390548.057521307	390549.904614353	393343.15620456	393342.604523523	1.927720074
123	390549.904614353	390551.685621315	393342.604523523	393338.32243142	4.637704020
124	390551.077867097	390552.920074624	393408.069434478	393402.488242579	5.877366040
125	390552.920074624	390552.916838624	393402.488242579	393400.452527332	2.035717819
126	390552.916838624	390550.664636617	393400.452527332	393399.350649713	2.507298978
127	390550.664636617	390547.417948721	393399.350649713	393398.346162418	3.398525713
128	390547.417948721	390554.666333472	393398.346162418	393380.611791524	19.15847051
129	390554.666333472	390582.842247805	393380.611791524	393394.604662632	31.45922107
130	390562.312433873	390559.580389311	393362.93220755	393359.870413676	4.103492319
131	390559.580389311	390557.635954524	393359.870413676	393357.003475818	3.464124610
132	390557.635954524	390556.92960806	393357.003475818	393353.725262693	3.353446975
133	390565.437852791	390562.404111596	393434.703446294	393439.66033005	5.811564524
134	390562.404111596	390560.085897018	393439.66033005	393441.673517921	3.070349203
135	390560.085897018	390557.582331546	393441.673517921	393442.905837608	2.790421451
136	390569.973033673	390565.437852789	393437.184552112	393434.703446291	5.169502079
137	390565.437852789	390561.323580917	393434.703446291	393431.766926095	5.054738756
138	390564.986027605	390562.312433873	393359.097825771	393362.93220755	4.674461153
139	390563.007283425	390564.839633475	393445.903145317	393445.038814247	2.025975050
140	390564.839633475	390567.108988197	393445.038814247	393442.793721092	3.192242805
141	390567.108988197	390569.973033673	393442.793721092	393437.184552112	6.298057885
142	390564.986027604	390567.418292958	393359.097825771	393355.609549358	4.252527141
143	390567.418292958	390564.515508557	393355.609549358	393352.682270157	4.122513893
144	390564.515508557	390563.927591005	393352.682270157	393350.784119704	1.987114035
145	390563.927591005	390566.516202718	393350.784119704	393345.965362766	5.470039216
146	390573.550399041	390571.216482831	393439.141656419	393444.028264487	5.415358093
147	390571.216482831	390569.383711227	393444.028264487	393446.602519775	3.160038296
148	390569.383711227	390567.177102653	393446.602519775	393448.812227211	3.122807767
149	390576.064811369	390572.603490577	393349.838886721	393352.524914504	4.381265441
150	390572.603490577	390567.418292958	393352.524914504	393355.609549358	6.033344555
151	390569.973033673	390573.550399041	393437.184552112	393439.141656419	4.077719980
152	390571.05958169	390574.16383856	393426.659923199	393428.549807276	3.634291201
153	390574.16383856	390582.876861471	393428.549807276	393433.969342754	10.26100058
154	390582.876861471	390587.195407103	393433.969342754	393436.311627014	4.912853746
155	390587.195407103	390591.019150134	393436.311627014	393430.886497339	6.637246624
156	390571.05958169	390568.263074739	393426.659923197	393424.909755721	3.299020661
157	390568.263074739	390566.232038235	393424.909755721	393423.567077564	2.434726660
158	390566.232038235	390575.948422662	393423.567077564	393407.367460448	18.89009584
159	390575.948422662	390579.15826531	393407.367460448	393401.42495801	6.753993267
160	390578.140354439	390576.789706543	393441.652728272	393445.059504426	3.664747399
161	390576.789706543	390574.835063018	393445.059504426	393448.326002151	3.806657155
162	390574.835063018	390571.446097786	393448.326002151	393451.34215752	4.536769616
163	390573.550399041	390578.140354439	393439.141656419	393441.652728272	5.231937730
164	390587.547096888	390581.745970448	393333.731752411	393329.849899512	6.980103860
165	390581.745970448	390580.458383306	393329.849899512	393332.098537583	2.591187724
166	390580.458383306	390579.540378525	393332.098537583	393332.19585433	0.923148594
167	390579.540378525	390575.23851027	393332.19585433	393329.879612557	4.885800490
168	390583.449200216	390580.984942484	393444.557091498	393448.655369852	4.782096991
169	390580.984942484	390579.635787222	393448.655369852	393451.047295567	2.746184362
170	390579.635787222	390576.232627937	393451.047295567	393454.336864206	4.733154861
171	390581.745970447	390582.394248805	393329.849899511	393328.071842293	1.892551795
172	390582.394248805	390581.589061237	393328.071842293	393327.017096504	1.326957308
173	390581.589061237	390577.738102421	393327.017096504	393324.906078761	4.391614704
174	390588.080261484	390587.260914442	393447.090650567	393446.642402356	0.933946483
175	390587.260914442	390586.703261291	393446.642402356	393446.337321585	0.635650307
176	390586.703261291	390584.143060476	393446.337321585	393444.936687452	2.918287886
177	390584.143060476	390583.449200216	393444.936687452	393444.557091497	0.790907800
178	390583.449200216	390578.140354439	393444.557091497	393441.652728272	6.051377465
179	390579.15826531	390583.678089734	393401.42495801	393404.336654397	5.376503387
180	390583.678089734	390588.237769733	393404.336654397	393407.274025975	5.423913115
181	390582.842247805	390579.15826531	393394.604662632	393401.42495801	7.751655053
182	390583.678089732	390582.797282601	393404.336654398	393406.4202646	2.262134539
183	390582.797282601	390582.437208986	393406.4202646	393408.426421133	2.038214179
184	390582.437208986	390581.93017633	393408.426421133	393411.170215641	2.790249167
185	390610.015101336	390606.625258416	393322.389512693	393329.51437146	7.890161435
186	390606.625258416	390602.823660755	393329.51437146	393335.799328387	7.345258902
187	390602.823660755	390599.925630133	393335.799328387	393339.205134434	4.471923111
188	390599.925630133	390596.872117896	393339.205134434	393339.061025796	3.056910905
189	390596.872117896	390594.831957448	393339.061025796	393337.989673996	2.304354428
190	390594.831957448	390587.547096889	393337.989673996	393333.731752412	8.437955296
191	390587.547096889	390585.72790691	393333.731752412	393336.618254518	3.411941762
192	390585.72790691	390584.476224054	393336.618254518	393337.171235722	1.368392554
193	390584.476224054	390582.007165044	393337.171235722	393335.816868594	2.816125478
194	390590.662708003	390586.945079511	393380.126350396	393387.008935953	7.822451378
195	390586.945079511	390582.842247805	393387.008935953	393394.604662632	8.632976993
196	390590.737556986	390589.183800225	393313.622784359	393316.211530449	3.019232749
197	390589.183800225	390587.302415454	393316.211530449	393315.616118285	1.973353567
198	390587.302415454	390583.827236072	393315.616118285	393313.908359106	3.872119980
199	390585.909124803	390587.102680252	393413.56383827	393410.916001716	2.904412681
200	390587.102680252	390587.233958383	393410.916001716	393409.646449424	1.276321655
201	390587.233958383	390588.237769734	393409.646449424	393407.274025976	2.576049348
202	390588.237769734	390590.215957485	393407.274025976	393408.452028556	2.302372006
203	390590.215957485	390590.56671447	393408.452028556	393409.439472135	1.047890874
204	390590.56671447	390590.476687309	393409.439472135	393410.231340391	0.796969399
205	390590.476687309	390590.888082552	393410.231340391	393411.974249798	1.790804078
206	390590.888082552	390590.260033871	393411.974249798	393415.013529665	3.103492751
207	390586.371378688	390590.866828041	393307.071446042	393309.471877157	5.096188225
208	390590.866828041	390591.405224849	393309.471877157	393311.364724345	1.967928250
209	390591.405224849	390590.737556988	393311.364724345	393313.622784359	2.354700702
210	390590.737556988	390598.293797852	393313.622784359	393317.368902722	8.433870925
211	390586.945079512	390591.078479764	393387.008935954	393389.728121429	4.947622387
212	390591.078479764	390591.802494822	393389.728121429	393387.421837785	2.417259201
213	390591.802494822	390592.632449624	393387.421837785	393385.928874274	1.708146661
214	390592.632449624	390593.964072911	393385.928874274	393385.041421519	1.600247783
215	390587.195407105	390596.634513231	393436.311627014	393441.30919796	10.68047001
216	390591.601527631	390588.080261484	393449.017064127	393447.090650567	4.013774343
217	390591.019150134	390588.635283322	393430.886497339	393429.089825156	2.985105008
218	390588.635283322	390587.527853187	393429.089825156	393428.135218197	1.462079324
219	390587.527853187	390588.178126082	393428.135218197	393427.099111687	1.223262660
220	390588.178126082	390590.227917495	393427.099111687	393424.536581393	3.281494529
221	390595.620321603	390595.014140998	393451.2156651	393450.88403594	0.690965140
222	390595.014140998	390593.243001515	393450.88403594	393449.915081318	2.018863078
223	390593.243001515	390591.601527634	393449.915081318	393449.017064128	1.871061564
224	390591.601527634	390589.847201428	393449.017064128	393452.918782586	4.277974679
225	390589.847201428	390590.138805338	393452.918782586	393456.359304106	3.452856957
226	390590.138805338	390590.332187456	393456.359304106	393460.290878456	3.936327414
227	390597.726376932	390594.068214571	393367.04911446	393373.82160806	7.697325601
228	390594.068214571	390590.66270802	393373.82160806	393380.126350365	7.165699575
229	390591.019150134	390593.607822279	393430.886497339	393427.286551017	4.434054238
230	390591.078479765	390594.25236833	393389.72812143	393391.816085604	3.799100290
231	390601.442670837	390599.612607307	393295.214513285	393298.228230461	3.525850783
232	390599.612607307	390598.337564079	393298.228230461	393299.318389279	1.677552228
233	390598.337564079	390596.84208005	393299.318389279	393299.212919508	1.499198570
234	390596.84208005	390591.557137437	393299.212919508	393296.820013695	5.801432293
235	390598.293797852	390593.449061058	393317.368902722	393319.325001851	5.224729505
236	390601.835760041	390596.900072891	393378.081003738	393375.374480221	5.629056509
237	390596.900072891	390594.06821457	393375.374480221	393373.821608063	3.229680091
238	390594.25236833	390595.276745798	393391.816085604	393392.555174125	1.263171025
239	390595.276745798	390595.930639944	393392.555174125	393393.083430597	0.840614331
240	390595.930639944	390596.703602851	393393.083430597	393392.997608495	0.777712729
241	390596.703602851	390597.285863598	393392.997608495	393392.686606077	0.660113687
242	390597.285863598	390600.116924639	393392.686606077	393390.44062504	3.613770529
243	390597.541232882	390594.25236833	393387.377064039	393391.816085604	5.524630530
244	390594.30408177	390601.442670837	393291.277955835	393295.214513285	8.152051178
245	390600.512976151	390599.005855937	393453.892337541	393456.880542542	3.346756708
246	390599.005855937	390597.539350242	393456.880542542	393459.686775786	3.166320258
247	390597.539350242	390594.59240321	393459.686775786	393462.696671802	4.212359295
248	390595.620321602	390600.512976151	393451.2156651	393453.892337541	5.576974438
249	390621.930528971	390615.861782428	393379.411965659	393376.378387391	6.784709405
250	390615.861782428	390609.790566448	393376.378387391	393373.09579645	6.901816192
251	390609.790566448	390597.726376932	393373.09579645	393367.04911446	13.49470384
252	390623.460479066	390619.980391329	393316.165424389	393321.94045274	6.742548710
253	390619.980391329	390616.443824908	393321.94045274	393327.652665691	6.718383648
254	390616.443824908	390612.808105261	393327.652665691	393333.30228705	6.718383648
255	390612.808105261	390597.726376932	393333.30228705	393367.04911446	36.96358870
256	390598.293797852	390610.015101336	393317.368902722	393322.389512693	12.75129326
257	390599.399213288	390600.468626998	393465.319109989	393460.758666324	4.684153297
258	390600.468626998	390603.545212183	393460.758666324	393455.551212603	6.048384135
259	390603.545212183	390602.480303255	393455.551212603	393454.970181324	1.213106908
260	390602.480303255	390600.512976151	393454.970181324	393453.892337541	2.243239433
261	390603.867115544	390610.138987323	393271.128235367	393275.649602134	7.731696647
262	390610.138987323	390608.054053226	393275.649602134	393278.727554853	3.717626006
263	390608.054053226	390606.812312886	393278.727554853	393279.479989298	1.451921715
264	390606.812312886	390605.554441628	393279.479989298	393279.175096396	1.294295090
265	390605.554441628	390600.893492844	393279.175096396	393276.500029373	5.374051278
266	390601.442670837	390606.708505437	393295.214513285	393298.623524847	6.272987634
267	390601.835760041	390605.695434896	393378.081003738	393378.329167964	3.867644692
268	390602.645091724	390601.149614072	393383.973796325	393381.487699462	2.901229226
269	390601.149614072	390600.610831212	393381.487699462	393381.043033317	0.698580668
270	390600.610831212	390600.676750708	393381.043033317	393380.24717441	0.798584234
271	390600.676750708	390601.835760041	393380.24717441	393378.081003738	2.456745411
272	390608.855043374	390603.545212185	393458.456113958	393455.551212604	6.052500238
273	390603.631560403	390600.828561154	393433.790954136	393435.520513153	3.293657417
274	390600.828561154	390598.63381012	393435.520513153	393437.771398641	3.143790321
275	390598.63381012	390596.634513233	393437.771398641	393441.309196057	4.063643512
276	390596.634513233	390604.369017944	393441.309196057	393445.581688046	8.836104962
277	390606.708505437	390604.148238923	393298.623524847	393303.331818874	5.359384038
278	390605.200878999	390609.864450459	393404.545727049	393398.378861209	7.731696647
279	390609.864450459	390612.893933312	393398.378861209	393400.533617985	3.717626005
280	390612.893933312	390613.617782649	393400.533617985	393401.792235801	1.451921715
281	390613.617782649	390613.284212206	393401.792235801	393403.042807887	1.294295090
282	390613.284212206	390610.503286567	393403.042807887	393407.64138155	5.374051278
283	390610.829743817	390608.478645334	393487.775780658	393492.37970156	5.169502079
284	390608.478645334	390605.660343983	393492.37970156	393496.575838045	5.054738756
285	390605.660343984	390604.190117998	393496.575838045	393500.428881666	4.124016197
286	390604.190117998	390603.504994904	393500.428881666	393502.329466485	2.020301043
287	390603.504994904	390603.571741837	393502.329466485	393503.264953762	0.937865448
288	390603.571741837	390604.568676005	393503.264953762	393503.905685392	1.185080062
289	390604.568676005	390607.768559177	393503.905685392	393505.148875186	3.432895742
290	390607.768559177	390609.919330908	393505.148875186	393501.869261673	3.921948984
291	390606.708505437	390619.781586959	393298.623524847	393304.793588676	14.45597274
292	390613.015461536	390608.855043376	393460.732194664	393458.456113959	4.742322494
293	390608.855043376	390606.735756329	393458.456113959	393462.350891915	4.434035736
294	390606.735756329	390606.338536237	393462.350891915	393468.012183343	5.675209638
295	390606.338536237	390607.345974171	393468.012183343	393469.988797684	2.218543540
296	390607.768559178	390608.800445208	393505.148875186	393505.563844318	1.112199694
297	390608.800445208	390609.91693656	393505.563844318	393506.065845784	1.224156203
298	390609.91693656	390611.394837869	393506.065845784	393506.443565967	1.525406443
299	390608.478645336	390613.519818204	393492.379701558	393495.271216443	5.811564524
300	390613.519818204	390615.598133149	393495.271216443	393497.531227775	3.070349203
301	390615.598133149	390616.901168195	393497.531227775	393499.998726823	2.790421451
302	390608.718480597	390604.369017946	393436.628150727	393445.581688047	9.954077349
303	390604.369017946	390609.581968345	393445.581688047	393448.461289223	5.955413906
304	390618.242787316	390614.362156762	393441.493238612	393449.743268871	9.117142796
305	390614.362156762	390613.81123092	393449.743268871	393450.843456488	1.230419471
306	390613.81123092	390611.896226102	393450.843456488	393449.739670722	2.210336279
307	390611.896226102	390609.581968345	393449.739670722	393448.461289223	2.643869933
308	390609.581968345	390613.846368435	393448.461289223	393439.383337877	10.02967141
309	390609.864450458	390615.037494879	393398.37886121	393391.416511779	8.673793758
310	390629.376778129	390626.246118814	393287.278909179	393293.465005591	6.933167859
311	390626.246118814	390623.76127644	393293.465005591	393297.93587959	5.114993249
312	390623.76127644	390619.781586961	393297.93587959	393304.793588675	7.928814680
313	390619.781586961	390616.582224425	393304.793588675	393310.570346757	6.603548635
314	390616.582224425	390613.482813464	393310.570346757	393315.987973224	6.241556284
315	390613.482813464	390610.015101336	393315.987973224	393322.389512693	7.280435080
316	390610.138987322	390617.217782259	393275.649602134	393280.662122498	8.673793758
317	390619.742950123	390618.826847536	393494.490711585	393492.683688908	2.025975050
318	390618.826847536	390616.518110965	393492.683688908	393490.479114215	3.192242805
319	390616.518110965	390610.829743817	393490.479114215	393487.775780658	6.298057885
320	390610.829743817	390612.684297915	393487.775780658	393484.144192943	4.077719980
321	390611.385865106	390613.015461538	393466.837648247	393460.732194665	6.319188870
322	390613.015461538	390617.583263494	393460.732194665	393463.23114682	5.206685758
323	390617.583263494	390616.470112054	393463.23114682	393467.454282826	4.367377228
324	390616.470112054	390614.306473288	393467.454282826	393470.517708621	3.750454680
325	390619.340660044	390616.296719878	393516.069497647	393514.138547953	3.604738333
326	390616.296719878	390611.394837869	393514.138547953	393506.443565967	9.123661271
327	390611.394837869	390615.821304508	393506.443565967	393505.334495811	4.563293055
328	390615.821304508	390623.415529571	393505.334495811	393504.415413983	7.649638273
329	390612.684297915	390617.635316985	393484.144192943	393486.338165016	5.415358093
330	390617.635316985	390620.260663873	393486.338165016	393488.096970222	3.160038296
331	390620.260663873	390622.532244227	393488.096970222	393490.239830704	3.122807767
332	390615.063792242	390612.684297915	393479.484667305	393484.144192943	5.231937730
333	390621.095877218	390612.808105261	393339.53032711	393333.30228705	10.36704620
334	390617.217782259	390613.550782813	393280.662122498	393285.619213007	6.166006102
335	390613.811230921	390615.212105697	393450.843456488	393451.682972256	1.633167739
336	390615.212105697	390617.608853859	393451.682972256	393453.036034325	2.752304255
337	390617.608853859	390619.722304904	393453.036034325	393454.278969794	2.451849078
338	390619.722304904	390622.837587456	393454.278969794	393456.026346441	3.571877730
339	390615.037494879	390619.909455483	393391.416511779	393395.195880925	6.166006102
340	390615.037494879	390621.930528971	393391.416511779	393379.411965659	13.84279764
341	390615.063792242	390618.507609098	393479.484667305	393480.737862807	3.664747399
342	390618.507609098	390621.828384965	393480.737862807	393482.598799759	3.806657155
343	390621.828384965	390624.939719105	393482.598799759	393485.900599029	4.536769616
344	390615.063792242	390618.426662655	393479.484667305	393472.327605466	7.907745038
345	390618.426662655	390620.972315856	393472.327605466	393466.803233995	6.082682827
346	390620.972315856	390620.966350682	393466.803233995	393465.080565803	1.722678520
347	390620.966350682	390619.966968633	393465.080565803	393464.347054939	1.239678453
348	390619.966968633	390617.583263495	393464.347054939	393463.23114682	2.631976654
349	390617.217782259	390629.376778129	393280.662122498	393287.278909179	13.84279764
350	390621.095877218	390625.925745661	393339.53032711	393342.535670349	5.688560201
351	390625.925745661	390628.983269455	393342.535670349	393339.740187325	4.142846496
352	390628.983269455	390631.792707289	393339.740187325	393338.700408928	2.995676894
353	390631.792707289	390634.248514829	393338.700408928	393338.564026728	2.459591586
354	390630.027054514	390625.154200636	393332.609865226	393335.33683835	5.584002805
355	390625.154200636	390621.095877218	393335.33683835	393339.53032711	5.835695069
356	390621.930528971	390628.043435971	393379.411965659	393382.683232168	6.933167859
357	390628.043435971	390632.45633341	393382.683232168	393385.269637421	5.114993249
358	390632.45633341	390639.221267169	393385.269637421	393389.405066477	7.928814680
359	390639.221267169	390644.923372146	393389.405066477	393392.73566003	6.603548635
360	390644.923372146	390650.268724447	393392.73566003	393395.958117729	6.241556284
361	390650.268724447	390656.589312552	393395.958117729	393399.571274379	7.280435080
362	390633.839632353	390627.266874982	393376.455557762	393372.861291482	7.491320948
363	390627.266874982	390626.190948311	393372.861291482	393372.381478945	1.178065479
364	390626.190948311	390625.51727237	393372.381478945	393372.511252852	0.686061615
365	390625.51727237	390621.930528971	393372.511252852	393379.411965659	7.777182360
366	390622.837587456	390628.775423062	393456.026346441	393458.694018018	6.509559380
367	390622.837587456	390623.607298691	393456.026346441	393449.970581332	6.104485764
368	390623.460479066	390631.395477918	393316.165424389	393322.981561813	10.46058966
369	390631.395477918	390635.18543165	393322.981561813	393318.804479904	5.640191713
370	390635.18543165	390640.766473961	393318.804479904	393317.077806671	5.842040202
371	390626.751785935	390623.460479066	393310.335230578	393316.165424389	6.695062417
372	390625.126704637	390629.225434366	393414.566920718	393407.520194312	8.152051178
373	390625.925745667	390629.934579772	393342.535670351	393345.375979588	4.913054797
374	390629.934579772	390633.847102487	393345.375979588	393346.468289456	4.062139195
375	390626.751785934	390632.604677137	393310.335230577	393299.117311057	12.65298596
376	390628.775423062	390633.542753641	393458.694018018	393461.325029749	5.445150464
377	390628.775423062	390629.713933418	393458.694018018	393452.125155312	6.635567718
378	390629.225434366	390632.196525272	393407.520194312	393409.418678596	3.525850783
379	390632.196525272	390633.257249347	393409.418678596	393410.718311589	1.677552228
380	390633.257249347	390633.117617651	393410.718311589	393412.210993518	1.499198570
381	390633.117617651	390630.604513839	393412.210993518	393417.43984864	5.801432293
382	390629.225434366	390632.753941508	393407.520194312	393402.333672239	6.272987634
383	390632.604677137	390636.047738783	393299.117311057	393292.464100099	7.491320948
384	390636.047738783	390636.502828269	393292.464100099	393291.377485249	1.178065479
385	390636.502828269	390636.35768682	393291.377485249	393290.706952252	0.686061615
386	390636.35768682	390629.376778129	393290.706952252	393287.278909179	7.777182360
387	390629.376778129	390631.488568375	393287.278909179	393282.565756749	5.164635889
388	390631.488568375	390632.11815624	393282.565756749	393281.621114702	1.135222214
389	390632.11815624	390632.915506199	393281.621114702	393281.649878497	0.797868606
390	390632.915506199	390638.109002123	393281.649878497	393284.225792309	5.797217597
391	390638.109002123	390640.399584257	393284.225792309	393285.437376698	2.591274443
392	390631.395477919	390636.703296718	393322.981561813	393327.514652314	6.980103860
393	390636.703296718	390639.600972386	393327.514652314	393323.741108539	4.757747040
394	390639.600972386	390641.117634289	393323.741108539	393323.223602484	1.602521714
395	390641.117634289	390643.562449989	393323.223602484	393323.936552649	2.546649120
396	390643.562449989	390647.626214446	393323.936552649	393324.647572451	4.125497632
397	390632.604677137	390643.081523324	393299.117311057	393306.099692967	12.59039170
398	390643.081523324	390645.021272897	393306.099692967	393302.275955329	4.287609815
399	390645.021272897	390646.38645692	393302.275955329	393297.92644181	4.558727374
400	390632.753941508	390637.402472589	393402.333672239	393405.000909773	5.359384038
401	390632.753941508	390639.22126717	393402.333672239	393389.405066479	14.45597274
402	390633.839632353	390641.059709112	393376.455557762	393366.141079841	12.59039170
403	390641.059709112	390637.281317079	393366.141079841	393364.114419639	4.287609815
404	390637.281317079	390632.964150968	393364.114419639	393362.650154621	4.558727374
405	390633.542753641	390639.483813067	393461.325029749	393464.591324026	6.779739331
406	390633.542753641	390635.253329907	393461.325029749	393455.312161372	6.251452414
407	390633.839632353	390644.920812132	393376.455557762	393382.563381311	12.65298596
408	390647.6546469	390646.096113994	393351.020376438	393353.533884977	2.957490488
409	390646.096113994	390645.966880422	393353.533884977	393354.854867291	1.327288812
410	390645.966880422	390647.186333588	393354.854867291	393356.195612797	1.812364349
411	390647.186333588	390645.728548022	393356.195612797	393358.562433177	2.779744136
412	390645.728548022	390643.258361483	393358.562433177	393362.572139015	4.709518281
413	390643.258361483	390640.606211772	393362.572139015	393360.044222089	3.663913491
414	390640.606211772	390635.340082486	393360.044222089	393359.434190245	5.301344783
415	390636.703296723	390640.105514075	393327.514652314	393329.941795145	4.179246969
416	390640.105514075	390644.231542201	393329.941795145	393332.080999676	4.647612734
417	390636.867330765	390639.764026704	393356.47971282	393356.141233889	2.916404524
418	390639.764026704	390641.937847963	393356.141233889	393356.20799979	2.174846329
419	390641.937847963	390645.72854802	393356.20799979	393358.562433178	4.462371958
420	390639.483813067	390644.171886331	393464.591324026	393467.513501374	5.524233103
421	390639.483813067	390641.517325301	393464.591324026	393457.82869526	7.061750479
422	390640.734710915	390643.237288807	393422.858618442	393418.419222276	5.096188225
423	390643.237288807	390645.141950003	393418.419222276	393417.924240123	1.967928250
424	390645.141950003	390647.384155733	393417.924240123	393418.643356848	2.354700702
425	390647.384155733	390651.30204443	393418.643356848	393411.17473402	8.433870925
426	390641.059709113	390643.258361468	393366.141079839	393362.572139039	4.191826643
427	390646.473705465	390644.841282789	393278.347422396	393288.154156178	9.941671452
428	390644.841282789	390640.399584258	393288.154156178	393285.437376699	5.206685758
429	390640.399584258	390641.715525627	393285.437376699	393281.272970118	4.367377228
430	390641.715525627	390641.11210492	393281.272970118	393276.132065075	5.176197563
431	390643.081523326	390646.699796529	393306.099692969	393308.216178178	4.191826643
432	390644.171886331	390652.368868053	393467.513501374	393471.721900607	9.214181106
433	390652.368868053	390665.481643126	393471.721900607	393477.631747831	14.38301652
434	390665.481643126	390668.312750352	393477.631747831	393472.655282513	5.725414848
435	390644.171886331	390646.671990811	393467.513501374	393461.71653698	6.313106888
436	390644.841282791	390648.886844182	393288.154156179	393290.62863707	4.742322494
437	390648.886844182	390651.19187708	393290.62863707	393286.840828172	4.434035735
438	390651.19187708	390653.027331809	393286.840828172	393281.788281311	5.375604509
439	390653.027331809	390652.408631159	393281.788281311	393276.997876629	4.830193320
440	390644.920812133	390650.674236856	393382.563381309	393385.987116803	6.695062417
441	390647.186333792	390649.457748658	393356.19561294	393356.353429877	2.276890791
442	390649.457748658	390651.053945796	393356.353429877	393355.372858176	1.873330233
443	390651.053945796	390652.179085828	393355.372858176	393353.397155731	2.273618314
444	390647.384155732	390649.936703501	393418.643356849	393420.255890967	3.019232749
445	390649.936703501	390649.298435072	393420.255890967	393422.123171801	1.973353567
446	390649.298435072	390647.511673307	393422.123171801	393425.558400402	3.872119981
447	390648.886844183	390654.050086728	393290.628637071	393293.786751313	6.052500238
448	390658.349046996	390655.800564498	393312.347220221	393310.846558049	2.957490489
449	390655.800564498	390654.476972928	393310.846558049	393310.747558318	1.327288812
450	390654.476972928	390653.164456769	393310.747558318	393311.997344647	1.812364349
451	390653.164456769	390650.76492736	393311.997344647	393310.594049924	2.779744136
452	390650.76492736	390646.699796553	393310.594049924	393308.216178193	4.709518281
453	390646.699796553	390649.166419792	393308.216178193	393305.506928873	3.663913491
454	390649.166419792	390649.655898878	393305.506928873	393300.228229532	5.301344783
455	390650.674236856	390656.368194664	393385.987116803	393389.598322641	6.742548710
456	390656.368194664	390661.998062283	393389.598322641	393393.264556326	6.718383648
457	390661.998062283	390667.563087846	393393.264556326	393397.028486365	6.718383648
458	390667.563087846	390681.145224331	393397.028486365	393403.490903866	15.04118583
459	390650.674236856	390657.670001315	393385.987116803	393378.210021214	10.46058966
460	390657.670001315	390653.580656404	393378.210021214	393374.325562338	5.640191713
461	390653.580656404	390651.982027266	393374.325562338	393368.706503823	5.842040202
462	390652.644519785	390653.049133998	393301.687533901	393304.575734498	2.916404523
463	390653.049133998	390653.032083064	393304.575734498	393306.750513985	2.174846329
464	390653.032083064	390650.764927358	393306.750513985	393310.594049922	4.462371958
465	390651.30204443	390653.146872787	393411.17473402	393416.062924558	5.224729505
466	390651.30204443	390656.589312552	393411.17473402	393399.571274379	12.75129326
467	390653.164456632	390653.058609626	393311.997344854	393314.271774033	2.276890791
468	390653.058609626	390654.075417016	393314.271774033	393315.845136324	1.873330233
469	390654.075417016	390656.076325833	393315.845136324	393316.924814123	2.273618314
470	390659.718909601	390658.021934093	393488.30160314	393487.944431143	1.734156194
471	390658.021934093	390656.940168281	393487.944431143	393487.942787245	1.081767061
472	390656.940168281	390656.302848204	393487.942787245	393488.490509242	0.840342944
473	390656.302848204	390654.979185827	393488.490509242	393491.082174425	2.910122078
474	390656.589312552	390663.634811137	393399.571274379	393403.12311857	7.890161435
475	390663.634811137	390669.831213939	393403.12311857	393407.067408197	7.345258902
476	390669.831213939	390673.169875563	393407.067408197	393410.042544308	4.471923111
477	390673.169875563	390672.955995733	393410.042544308	393413.091963876	3.056910904
478	390672.955995733	390671.838282161	393413.091963876	393415.107098041	2.304354428
479	390671.838282161	390667.414928258	393415.107098041	393422.292710738	8.437955296
480	390667.414928258	390670.259085933	393422.292710738	393424.177415943	3.411941762
481	390670.259085933	390670.783306854	393424.177415943	393425.441413811	1.368392554
482	390670.783306854	390669.372846521	393425.441413811	393427.878864192	2.816125478
483	390656.998611744	390661.756194654	393295.59022631	393298.500217504	5.576974438
484	390658.663292365	390657.374736629	393284.230629719	393288.734063545	4.684153297
485	390657.374736629	390654.050086729	393288.734063545	393293.786751314	6.048384135
486	390654.050086729	390655.085672025	393293.786751314	393294.418567321	1.213106908
487	390655.085672025	390656.998611744	393294.418567321	393295.59022631	2.243239433
488	390656.998611744	390658.648381328	393295.59022631	393292.678347057	3.346756708
489	390658.648381328	390660.24878974	393292.678347057	393289.946264172	3.166320258
490	390660.24878974	390663.337752074	393289.946264172	393287.082301439	4.212359295
491	390657.670001316	390662.323253437	393378.210021214	393373.007224409	6.980103860
492	390662.323253437	390658.616942084	393373.007224409	393370.024036003	4.757747041
493	390658.616942084	390658.134244944	393370.024036003	393368.495939372	1.602521714
494	390658.134244944	390658.902901712	393368.495939372	393366.068062003	2.546649120
495	390658.902901712	390659.706640742	393366.068062003	393362.021614884	4.125497632
496	390663.401465614	390661.638693944	393428.003574731	393427.314816182	1.892551795
497	390661.638693944	390660.565815774	393427.314816182	393428.095679889	1.326957308
498	390660.565815774	390658.36730984	393428.095679889	393431.897370483	4.391614704
499	390659.718909601	390661.085864647	393488.30160314	393488.714713315	1.428014746
500	390661.085864647	390661.591651222	393488.714713315	393489.365717831	0.824394892
501	390661.591651222	390662.111115575	393489.365717831	393490.165694985	0.953837859
502	390662.111115575	390660.305140883	393490.165694985	393493.647945006	3.922704398
503	390665.481643125	390662.564659006	393477.631747835	393483.042225357	6.146711589
504	390662.564659006	390659.718909601	393483.042225357	393488.30160314	5.979911733
505	390661.756194653	390662.345640415	393298.500217503	393298.860753936	0.690965140
506	390662.345640415	390664.067884005	393298.860753936	393299.914169878	2.018863078
507	390664.067884005	390665.664041675	393299.914169878	393300.89046495	1.871061564
508	390665.664041675	390667.604875573	393300.89046495	393297.078086277	4.277974679
509	390667.604875573	390667.479881701	393297.078086277	393293.627492458	3.452856957
510	390667.479881701	390667.476725859	393293.627492458	393289.691166309	3.936327414
511	390662.323253436	390664.827542786	393373.007224404	393369.661385184	4.179246969
512	390664.827542786	390667.060516728	393369.661385184	393365.585341575	4.647612734
513	390667.414928258	390663.401465616	393422.292710739	393428.00357473	6.980103860
514	390663.401465616	390665.620079381	393428.00357473	393429.342233306	2.591187724
515	390665.620079381	390665.696383429	393429.342233306	393430.262222991	0.923148594
516	390665.696383429	390663.282398492	393430.262222991	393434.510013376	4.885800490
517	390665.481643127	390680.06622998	393477.631747831	393484.206381453	15.99799927
518	390680.06622998	390686.395748856	393484.206381453	393475.050480936	11.13073777
519	390665.664041678	390669.088096141	393300.890464951	393302.984799098	4.013774343
520	390666.676890757	390666.287521928	393467.223362465	393469.002552683	1.821297866
521	390666.287521928	390666.254363864	393469.002552683	393470.622282594	1.620069271
522	390666.254363864	390666.858281311	393470.622282594	393471.823287995	1.344295449
523	390666.858281311	390668.312750354	393471.823287995	393472.65528251	1.675617817
524	390668.312750354	390669.950471743	393472.65528251	393473.019008499	1.677625686
525	390669.950471743	390671.654465682	393473.019008499	393472.928890029	1.706375305
526	390671.654465682	390673.579258161	393472.928890029	393471.907448306	2.179029435
527	390673.579258161	390674.663354324	393471.907448306	393469.79242447	2.376676317
528	390667.264503568	390669.879361632	393379.798207528	393384.732131386	5.584002805
529	390669.879361632	390673.978973686	393384.732131386	393388.885264896	5.835695069
530	390673.978973686	390667.563087846	393388.885264896	393397.028486365	10.36704620
531	390669.08809614	390669.884823448	393302.984799098	393303.472119969	0.933946483
532	390669.884823448	390670.427081454	393303.472119969	393303.803793857	0.635650307
533	390670.427081454	390672.91660274	393303.803793857	393305.326517718	2.918287887
534	390672.91660274	390673.591307629	393305.326517718	393305.739202176	0.790907800
535	390673.978973686	390677.093951029	393388.885264896	393384.12536644	5.688560201
536	390677.093951029	390674.369099216	393384.12536644	393381.004731939	4.142846496
537	390674.369099216	390673.393821452	393381.004731939	393378.172257166	2.995676894
538	390673.393821452	390673.313619135	393378.172257166	393375.713973544	2.459591586
539	390673.59130763	390676.250742661	393305.739202175	393301.764801975	4.782096991
540	390676.250742661	390677.713915606	393301.764801975	393299.440871364	2.746184361
541	390677.713915606	390677.485950832	393299.440871364	393292.604359552	6.840311520
542	390677.235764791	390677.63169065	393495.166891586	393492.418857656	2.776409149
543	390677.63169065	390677.587750247	393492.418857656	393491.94949304	0.471416908
544	390677.587750247	390677.22773563	393491.94949304	393491.477621261	0.593526326
545	390677.22773563	390676.691638649	393491.477621261	393491.211139213	0.598675751
546	390676.691638649	390675.979587292	393491.211139213	393491.418373015	0.741594892
547	390675.979587292	390675.484898202	393491.418373015	393492.31709347	1.025873166
548	390675.484898202	390674.750136216	393492.31709347	393493.908269384	1.752631154
549	390676.691638652	390680.066229979	393491.211139212	393484.206381453	7.775249056
550	390680.066229979	390691.779471518	393484.206381453	393491.705395511	13.90809977
551	390691.779471518	390686.750103482	393491.705395511	393499.017922837	8.875111195
552	390686.750103482	390687.74256016	393499.017922837	393504.950578532	6.015095498
553	390677.093951032	390680.025167165	393384.125366434	393380.182514747	4.913054797
554	390680.025167165	390681.206638942	393380.182514747	393376.295986825	4.062139195
555	390680.46915468	390683.84780765	393444.308899972	393441.519600601	4.381265441
556	390683.84780765	390688.937517898	393441.519600601	393438.279832688	6.033344555
557	390707.638544324	390700.928857106	393394.958896918	393412.904010179	19.15847051
558	390700.928857106	390681.145224331	393412.904010179	393403.490903866	21.90887254
560	390679.856690652	390679.718304264	393395.596806067	393396.938531407	1.348843089
561	390679.718304264	390679.865002784	393396.938531407	393398.652767011	1.720501136
562	390679.865002784	390681.145224331	393398.652767011	393403.490903866	5.004651380
563	390686.395748855	390685.637850438	393475.050480935	393474.369526055	1.018876616
564	390685.637850438	390685.480061903	393474.369526055	393473.501600551	0.882151859
565	390685.480061903	390685.585974887	393473.501600551	393472.779760452	0.729568837
566	390685.585974887	390687.107467882	393472.779760452	393470.112390799	3.070798234
567	390686.395748859	390687.171887648	393475.050480935	393475.126440491	0.779846955
568	390687.171887648	390687.863582263	393475.126440491	393474.959613802	0.711528344
569	390687.863582263	390688.479118911	393474.959613802	393474.460253882	0.792619513
570	390688.479118911	390689.733766716	393474.460253882	393471.996117033	2.765160307
571	390688.937517898	390691.927352582	393438.279832688	393441.118143692	4.122513893
572	390691.927352582	390692.572306568	393441.118143692	393442.997679951	1.987114035
573	390692.572306568	390690.130351137	393442.997679951	393447.892389616	5.470039216
574	390691.263364915	390688.937517898	393434.719717137	393438.279832688	4.252527141
575	390691.263364914	390693.819981525	393434.719717137	393430.806368369	4.674461153
576	390691.779471521	390698.277260229	393491.705395513	393495.865389029	7.715361569
577	390698.277260229	390703.322943354	393495.865389029	393485.028434461	11.95401616
578	390693.819981525	390696.64321514	393430.806368369	393433.784287302	4.103492319
579	390696.64321514	390698.673315355	393433.784287302	393436.591216663	3.464124610
580	390698.673315355	390699.478307818	393436.591216663	393439.846611225	3.353446975
581	390693.819981525	390696.160079423	393430.806368369	393424.893269581	6.359307780
582	390696.160079423	390697.670549492	393424.893269581	393423.107462219	2.338937315
583	390697.670549492	390700.511527368	393423.107462219	393423.026367139	2.842135060
584	390700.511527368	390704.419808007	393423.026367139	393424.369211334	4.132540148
585	390704.419808007	390710.524578227	393424.369211334	393426.972112266	6.636513595
586	390710.524578227	390717.65093123	393426.972112266	393430.156586881	7.805497145
587	390706.072459273	390704.501456362	393501.578682388	393499.085303631	2.947030330
588	390704.501456362	390698.277260229	393499.085303631	393495.865389029	7.007743398
589	390698.277260229	390695.648619867	393495.865389029	393501.506822701	6.223786952
590	390695.648619867	390695.00244613	393501.506822701	393507.668149616	6.195118227
591	390703.322943354	390701.647189092	393485.02843446	393484.233539554	1.854726464
592	390701.647189092	390701.256388492	393484.233539554	393483.798237586	0.584989669
593	390701.256388492	390700.448247151	393483.798237586	393483.169703032	1.023791049
594	390700.448247151	390699.403719333	393483.169703032	393481.402108403	2.053151025
595	390699.403719333	390700.119489437	393481.402108403	393478.474875035	3.013473416
596	390728.943314145	390723.963426814	393395.546649397	393408.77642364	14.13598968
597	390723.963426814	390719.512350957	393408.77642364	393420.70153387	12.72872068
598	390719.512350957	390713.363533981	393420.70153387	393417.994371401	6.718383647
599	390713.363533981	390707.168406998	393417.994371401	393415.3949329	6.718383648
600	390707.168406998	390700.928857107	393415.3949329	393412.904010179	6.718383648
601	390702.608152276	390706.224672008	393509.945763962	393504.716745781	6.357817716
602	390706.224672008	390706.072459273	393504.716745781	393501.578682388	3.141752786
603	390706.072459273	390709.681479166	393501.578682388	393499.471283857	4.179252703
604	390703.322943354	390705.032136464	393485.028434461	393481.126791284	4.259596292
605	390703.322943354	390706.669025081	393485.028434461	393484.57322596	3.376903567
606	390706.669025081	390707.600314903	393484.57322596	393484.632416139	0.933168907
607	390707.600314903	390708.98318621	393484.632416139	393484.382672065	1.405242027
608	390708.98318621	390710.062291206	393484.382672065	393484.077294489	1.121482526
609	390710.062291206	390710.944158226	393484.077294489	393482.639242193	1.686915482
610	390703.686752435	390702.013878583	393385.350548311	393390.984811764	5.877366041
611	390702.013878583	390702.078570545	393390.984811764	393393.019501418	2.035717819
612	390702.078570545	390704.363011226	393393.019501418	393394.052883702	2.507298978
613	390704.363011226	390707.638544324	393394.052883702	393394.958896918	3.398525713
614	390704.076011382	390707.844628591	393441.652141666	393442.77056255	3.931073764
615	390707.844628591	390712.058325828	393442.77056255	393440.515357545	4.779246176
616	390705.184909689	390706.835830182	393455.084107848	393450.750199669	4.637704020
617	390706.835830182	390708.665426272	393450.750199669	393450.143007085	1.927720074
618	390708.665426272	390711.732675041	393450.143007085	393449.917322188	3.075540389
619	390707.638544324	390710.657638664	393394.958896918	393386.581005134	8.905279410
620	390707.638544325	390713.156075748	393394.958896916	393396.069857545	5.628266741
621	390713.156075748	390714.745212239	393396.069857545	393395.877521257	1.600733593
622	390714.745212239	390715.642331836	393395.877521257	393394.659701287	1.512583567
623	390715.642331836	390717.76913937	393394.659701287	393388.107665396	6.888576383
624	390711.732675041	390713.346594044	393449.917322188	393451.453372116	2.228044866
625	390713.346594044	390714.15980185	393451.453372116	393453.35948694	2.072337003
626	390714.15980185	390713.254157344	393453.35948694	393457.500758376	4.239141549
627	390711.732675041	390712.058325828	393449.917322188	393440.515357545	9.407602648
628	390712.058325828	390717.65093123	393440.515357545	393430.156586881	11.77205864
629	390717.65093123	390723.710273123	393430.156586881	393432.881511143	6.643857043
630	390723.710273123	390727.221534566	393432.881511143	393434.375273202	3.815793758
631	390727.221534566	390730.881225081	393434.375273202	393435.802364612	3.928094265
632	390730.881225081	390735.775227304	393435.802364612	393437.759129744	5.270691372
633	390716.184728587	390721.83895338	393496.729533761	393494.088521225	6.240609363
634	390723.963426811	390717.77580021	393408.776423639	393405.858558018	6.841100988
635	390720.410755002	390716.589326683	393499.693153342	393501.380508089	4.177377219
636	390716.589326683	390713.991124135	393501.380508089	393501.853815348	2.640961234
637	390713.991124135	390712.296464823	393501.853815348	393501.366751207	1.763264489
638	390712.296464823	390709.681479166	393501.366751207	393499.471283856	3.229697581
639	390709.681479166	390716.184728587	393499.471283856	393496.729533761	7.057580790
640	390716.184728587	390714.516870775	393496.729533761	393494.1120227	3.103725798
641	390714.516870775	390714.149881622	393494.1120227	393492.572484909	1.582674208
642	390714.149881622	390714.694586779	393492.572484909	393491.290247272	1.393139283
643	390714.694586779	390718.496812568	393491.290247272	393489.057179462	4.409479878
644	390719.512350958	390725.612984941	393420.70153387	393423.515595678	6.718383648
645	390725.612984941	390731.663577617	393423.515595678	393426.435699634	6.718383648
646	390731.663577617	390737.662285918	393426.435699634	393429.460956247	6.718383648
647	390727.916796049	390725.790993035	393455.728039501	393460.157381324	4.913054797
648	390725.790993035	390725.372107461	393460.157381324	393464.197865171	4.062139195
649	390728.943314145	390726.302994568	393395.546649397	393394.434039533	2.865168088
650	390726.302994568	390725.517469382	393394.434039533	393393.138541473	1.515046217
651	390725.517469382	390725.805007203	393393.138541473	393389.941179242	3.210265290
652	390735.690149674	390733.651543214	393390.701556826	393394.755768431	4.537901281
653	390733.651543214	390731.773879456	393394.755768431	393395.335195548	1.965033579
654	390731.773879456	390728.943314145	393395.335195548	393395.546649397	2.838452520
655	390730.067230301	390734.883401044	393450.461603347	393453.757029922	5.835695069
656	390734.883401044	390738.390895524	393453.757029922	393458.101977541	5.584002805
657	390733.231326666	390732.683953796	393463.264497814	393460.866587533	2.459591586
658	390732.683953796	390731.186585815	393460.866587533	393458.271983674	2.995676894
659	390731.186585815	390727.91679605	393458.271983674	393455.728039495	4.142846496
660	390727.91679605	390730.067230301	393455.728039495	393450.461603347	5.688560201
661	390735.775227304	390730.067230301	393437.759129744	393450.461603347	13.92602116
662	390735.775227304	390740.505443676	393437.759129744	393439.886246437	5.186479764
663	390740.505443676	390746.704653451	393439.886246437	393442.86333979	6.877011463
664	390746.704653451	390752.58477181	393442.86333979	393446.359817713	6.841136585
665	390752.58477181	390754.190843049	393446.359817713	393448.002966692	2.297695234
666	390754.190843049	390752.466804575	393448.002966692	393451.065035687	3.514053953
667	390752.466804575	390748.112207259	393451.065035687	393457.831963854	8.046976736
668	390748.112207259	390752.867079652	393457.831963854	393460.865600466	5.640191713
669	390752.867079652	390755.507594829	393460.865600466	393466.076849195	5.842040202
670	390741.775382628	390738.004573667	393420.422569618	393418.520493559	4.223374664
671	390738.004573667	390736.931481097	393418.520493559	393416.79968814	2.027979031
672	390736.931481097	390739.395931527	393416.79968814	393411.634317309	5.723160992
673	390747.893166836	390744.794747983	393406.978952087	393405.805434079	3.313207495
674	390744.794747983	390741.157885062	393405.805434079	393406.478345481	3.698591847
675	390744.536142567	390742.715623643	393463.826428907	393467.588318868	4.179246969
676	390742.715623643	390741.300648784	393467.588318868	393472.015298682	4.647612734
677	390758.913085493	390756.073370071	393440.158137139	393438.960386401	3.081978343
678	390756.073370071	390744.451848256	393438.960386401	393433.045843225	13.03999962
679	390744.451848256	390741.861458585	393433.045843225	393431.638998688	2.947766985
680	390741.861458585	390739.15086719	393431.638998688	393430.232148197	3.053937460
681	390739.15086719	390737.662285921	393430.232148197	393429.460956248	1.676487762
682	390737.662285921	390741.775382628	393429.460956248	393420.422569618	9.930256663
683	390741.775382628	390745.488068928	393420.422569618	393412.2640709	8.963545107
684	390745.488068928	390747.893166838	393412.2640709	393406.978952085	5.806632143
685	390747.893166838	390751.463217643	393406.978952085	393404.987739419	4.087810004
686	390751.463217643	390756.436259733	393404.987739419	393404.726682664	4.979889382
687	390754.214827471	390749.759969328	393410.540877098	393411.619410495	4.583557064
688	390749.759969328	390745.488068928	393411.619410495	393412.2640709	4.320268518
689	390748.112207259	390744.536142565	393457.831963855	393463.826428902	6.980103859
690	390744.536142565	390748.743189965	393463.826428902	393466.048344537	4.757747041
691	390748.743189965	390749.508347427	393466.048344537	393467.456396348	1.602521714
692	390749.508347427	390749.216632309	393467.456396348	393469.986282518	2.546649121
693	390749.216632309	390749.199038665	393469.986282518	393474.111742636	4.125497632
694	390754.19084305	390758.913085493	393448.002966691	393440.158137139	9.156468991
695	390758.913085493	390760.044787323	393440.158137139	393440.186064216	1.132046356
696	390760.044787323	390761.833924362	393440.186064216	393438.0717423	2.769723544
697	390761.833924362	390766.972821802	393438.0717423	393429.798237909	9.739565791
698	390762.533876054	390763.668127627	393423.720837115	393427.297583725	3.752285029
699	390763.668127627	390766.972821802	393427.297583725	393429.798237909	4.144185678
700	390766.972821802	390770.011418839	393429.798237909	393424.5137511	6.095807804
701	390770.011418837	390767.590376863	393424.513751103	393422.476644812	3.164055353
702	390767.590376863	390767.02935639	393422.476644812	393419.083688103	3.439025907
703	390777.164879067	390774.179879665	393421.538423039	393424.59950353	4.275562559
704	390774.179879665	390770.011418839	393424.59950353	393424.5137511	4.169342770
705	390770.011418839	390772.315872308	393424.5137511	393418.944841554	6.026878074