# power_options = 3
# parameter_sets = 100
# lines = 3
0.001105 0.02 0.08 3. 0.01 0.1 0.3 0.2 0. 1. 1. 5. 2.7999 0.088 0.093 
795.8651 915.9382 0. 0. 30. 21.04688 21. 21. 1. 

0.001105 0.02 0.08 3. 0.01 0.1 0.3 0.2 0. 1. 1. 5. 3. 0.089 0.093 861.04770 
936.2702 0. 0. 30. 21.2837 22. 22. 2. 

0.001105 0.02 0.08 3. 0.01 0.1 0.3 0.2 0. 1. 1. 5. 2.3999 0.088 0.106 
812.5157 933.5748 0. 0. 30. 21.8679 21. 21. 2. 

0.001105 0.02 0.08 3. 0.01 0.1 0.3 0.2 0. 1. 1. 5. 2.7000 0.085 0.105 
760.8967 914.6935 0. 0. 30. 20.06366 21. 21. 2. 

0.001105 0.02 0.08 3. 0.01 0.1 0.3 0.2 0. 1. 1. 5. 2.2999 0.071 0.092 
813.1514 916.2595 0. 0. 30. 21.06889 22. 22. 2. 

0.001105 0.02 0.08 3. 0.01 0.1 0.3 0.2 0. 1. 1. 5. 2.3999 0.078 0.105 
779.3857 856.7560 0. 0. 30. 22.1463 22. 22. 1. 

0.001105 0.02 0.08 3. 0.01 0.1 0.3 0.2 0. 1. 1. 5. 2.7000 0.085 0.096 
772.3207 839.2941 0. 0. 30. 21.4597 21. 21. 1. 

0.001105 0.02 0.08 3. 0.01 0.1 0.3 0.2 0. 1. 1. 5. 2.2999 0.082 0.094 
803.5206 845.5467 0. 0. 30. 22.7818 22. 22. 2. 

0.001105 0.02 0.08 3. 0.01 0.1 0.3 0.2 0. 1. 1. 5. 3. 0.081 0.093 747.7309 
846.9209 0. 0. 30. 23.3142 23. 23. 1. 

0.001105 0.02 0.08 3. 0.01 0.1 0.3 0.2 0. 1. 1. 5. 2.2000 0.089 0.097 
727.9319 828.8812 0. 0. 30. 21.8516 22. 22. 1. 

0.001105 0.02 0.08 3. 0.01 0.1 0.3 0.2 0. 1. 1. 5. 2.7999 0.082 0.101 
817.6309 859.7767 0. 0. 30. 22.7608 23. 23. 2. 

0.001105 0.02 0.08 3. 0.01 0.1 0.3 0.2 0. 1. 1. 5. 2.6000 0.072 0.091 
773.1462 936.1127 0. 0. 30. 23.06882 23. 23. 1. 

0.001105 0.02 0.08 3. 0.01 0.1 0.3 0.2 0. 1. 1. 5. 2.5 0.07 0.097 716.1596 
942.01877 0. 0. 30. 21.3312 22. 22. 2. 

0.001105 0.02 0.08 3. 0.01 0.1 0.3 0.2 0. 1. 1. 5. 2.6000 0.075 0.103 
792.1808 985.5943 0. 0. 30. 21.7289 22. 22. 1. 

0.001105 0.02 0.08 3. 0.01 0.1 0.3 0.2 0. 1. 1. 5. 2.8999 0.073 0.107 
773.7214 971.8348 0. 0. 30. 20.6066 21. 21. 1. 

0.001105 0.02 0.08 3. 0.01 0.1 0.3 0.2 0. 1. 1. 5. 3. 0.07 0.105 794.7565 
968.9485 0. 0. 30. 20.7598 21. 21. 1. 

0.001105 0.02 0.08 3. 0.01 0.1 0.3 0.2 0. 1. 1. 5. 2.7999 0.079 0.108 
708.4455 882.3075 0. 0. 30. 21.3692 21. 21. 1. 

0.001105 0.02 0.08 3. 0.01 0.1 0.3 0.2 0. 1. 1. 5. 2.6000 0.081 0.093 
803.8247 917.5089 0. 0. 30. 21.8036 22. 22. 2. 

0.001105 0.02 0.08 3. 0.01 0.1 0.3 0.2 0. 1. 1. 5. 2.1000 0.075 0.092 
740.6238 842.1799 0. 0. 30. 22.4027 22. 22. 1. 

0.001105 0.02 0.08 3. 0.01 0.1 0.3 0.2 0. 1. 1. 5. 2.8999 0.08 0.1 
746.05509 950.9342 0. 0. 30. 22.2802 22. 22. 1. 

0.001105 0.02 0.08 3. 0.01 0.1 0.3 0.2 0. 1. 1. 5. 2.3999 0.075 0.098 
744.5622 843.9935 0. 0. 30. 23.1504 23. 23. 2. 

0.001105 0.02 0.08 3. 0.01 0.1 0.3 0.2 0. 1. 1. 5. 2.1000 0.075 0.097 
793.7424 833.3997 0. 0. 30. 21.1491 21. 21. 1. 

0.001105 0.02 0.08 3. 0.01 0.1 0.3 0.2 0. 1. 1. 5. 2.7000 0.083 0.099 
775.5106 876.1923 0. 0. 30. 22.1867 22. 22. 1. 

0.001105 0.02 0.08 3. 0.01 0.1 0.3 0.2 0. 1. 1. 5. 2.2000 0.077 0.103 
801.1727 844.1180 0. 0. 30. 22.9735 23. 23. 2. 

0.001105 0.02 0.08 3. 0.01 0.1 0.3 0.2 0. 1. 1. 5. 2.3999 0.079 0.096 
770.6913 902.5645 0. 0. 30. 23.2886 23. 23. 2. 

0.001105 0.02 0.08 3. 0.01 0.1 0.3 0.2 0. 1. 1. 5. 2.3999 0.086 0.101 
739.1069 947.4610 0. 0. 30. 23.2449 23. 23. 2. 

0.001105 0.02 0.08 3. 0.01 0.1 0.3 0.2 0. 1. 1. 5. 2.6000 0.074 0.096 
765.6183 873.3994 0. 0. 30. 22.7259 23. 23. 1. 

0.001105 0.02 0.08 3. 0.01 0.1 0.3 0.2 0. 1. 1. 5. 2.2000 0.075 0.099 
761.7778 976.5036 0. 0. 30. 22.4048 22. 22. 1. 

0.001105 0.02 0.08 3. 0.01 0.1 0.3 0.2 0. 1. 1. 5. 3. 0.079 0.092 756.6611 
892.2029 0. 0. 30. 22.1028 22. 22. 1. 

0.001105 0.02 0.08 3. 0.01 0.1 0.3 0.2 0. 1. 1. 5. 2.7000 0.074 0.092 
747.7668 874.6091 0. 0. 30. 21.1710 22. 22. 2. 

0.001105 0.02 0.08 3. 0.01 0.1 0.3 0.2 0. 1. 1. 5. 2.2999 0.086 0.091 
798.01184 917.5160 0. 0. 30. 21.4745 22. 22. 2. 

0.001105 0.02 0.08 3. 0.01 0.1 0.3 0.2 0. 1. 1. 5. 2.5 0.089 0.101 771.2412 
863.2915 0. 0. 30. 22.3582 22. 22. 2. 

0.001105 0.02 0.08 3. 0.01 0.1 0.3 0.2 0. 1. 1. 5. 2.3999 0.077 0.11 
702.2493 1011.4722 0. 0. 30. 22.1974 23. 23. 2. 

0.001105 0.02 0.08 3. 0.01 0.1 0.3 0.2 0. 1. 1. 5. 2.2999 0.077 0.104 
719.8939 923.5817 0. 0. 30. 20.9883 21. 21. 2. 

0.001105 0.02 0.08 3. 0.01 0.1 0.3 0.2 0. 1. 1. 5. 2.7999 0.084 0.108 
800.1823 867.4546 0. 0. 30. 21.5305 22. 22. 1. 

0.001105 0.02 0.08 3. 0.01 0.1 0.3 0.2 0. 1. 1. 5. 2.7000 0.08 0.1 797.3338 
929.7291 0. 0. 30. 22.6109 22. 22. 2. 

0.001105 0.02 0.08 3. 0.01 0.1 0.3 0.2 0. 1. 1. 5. 2.6000 0.074 0.095 
805.7630 819.4084 0. 0. 30. 22.4786 22. 22. 1. 

0.001105 0.02 0.08 3. 0.01 0.1 0.3 0.2 0. 1. 1. 5. 2.7000 0.08 0.099 
695.4114 929.05861 0. 0. 30. 21.02164 21. 21. 1. 

0.001105 0.02 0.08 3. 0.01 0.1 0.3 0.2 0. 1. 1. 5. 2.1000 0.086 0.106 
795.7319 865.4420 0. 0. 30. 22.9459 22. 22. 2. 

0.001105 0.02 0.08 3. 0.01 0.1 0.3 0.2 0. 1. 1. 5. 2.6000 0.086 0.099 
765.5839 950.3886 0. 0. 30. 20.6733 21. 21. 1. 

0.001105 0.02 0.08 3. 0.01 0.1 0.3 0.2 0. 1. 1. 5. 2.3999 0.087 0.106 
739.5516 876.4465 0. 0. 30. 22.1568 22. 22. 1. 

0.001105 0.02 0.08 3. 0.01 0.1 0.3 0.2 0. 1. 1. 5. 2.6000 0.076 0.099 
706.03716 957.2680 0. 0. 30. 20.8724 21. 21. 1. 

0.001105 0.02 0.08 3. 0.01 0.1 0.3 0.2 0. 1. 1. 5. 2.2000 0.08 0.097 
835.3333 956.9232 0. 0. 30. 20.5382 21. 21. 2. 

0.001105 0.02 0.08 3. 0.01 0.1 0.3 0.2 0. 1. 1. 5. 2.3999 0.081 0.109 
761.8085 978.8150 0. 0. 30. 22.3326 22. 22. 2. 

0.001105 0.02 0.08 3. 0.01 0.1 0.3 0.2 0. 1. 1. 5. 2.5 0.084 0.103 746.4756 
809.7313 0. 0. 30. 22.5326 23. 23. 1. 

0.001105 0.02 0.08 3. 0.01 0.1 0.3 0.2 0. 1. 1. 5. 2.6000 0.088 0.103 
742.8582 876.6142 0. 0. 30. 21.3128 22. 22. 2. 

0.001105 0.02 0.08 3. 0.01 0.1 0.3 0.2 0. 1. 1. 5. 2.8999 0.083 0.098 
738.2908 885.7929 0. 0. 30. 22.08950 22. 22. 1. 

0.001105 0.02 0.08 3. 0.01 0.1 0.3 0.2 0. 1. 1. 5. 2.2000 0.078 0.102 
742.8603 885.5871 0. 0. 30. 22.3243 22. 22. 1. 

0.001105 0.02 0.08 3. 0.01 0.1 0.3 0.2 0. 1. 1. 5. 3. 0.085 0.097 782.8586 
848.2007 0. 0. 30. 23.6355 23. 23. 2. 

0.001105 0.02 0.08 3. 0.01 0.1 0.3 0.2 0. 1. 1. 5. 2.2999 0.082 0.09 
760.6571 871.4995 0. 0. 30. 20.9228 21. 21. 1. 

0.001105 0.02 0.08 3. 0.01 0.1 0.3 0.2 0. 1. 1. 5. 2.1000 0.082 0.099 
790.9748 913.4824 0. 0. 30. 21.5688 22. 22. 1. 

0.001105 0.02 0.08 3. 0.01 0.1 0.3 0.2 0. 1. 1. 5. 2.2999 0.081 0.103 
761.3011 963.07753 0. 0. 30. 22.06266 22. 22. 2. 

0.001105 0.02 0.08 3. 0.01 0.1 0.3 0.2 0. 1. 1. 5. 2.2999 0.072 0.102 
794.5565 885.3705 0. 0. 30. 20.6536 21. 21. 1. 

0.001105 0.02 0.08 3. 0.01 0.1 0.3 0.2 0. 1. 1. 5. 2.2999 0.079 0.101 
768.08650 930.5667 0. 0. 30. 22.2754 22. 22. 2. 

0.001105 0.02 0.08 3. 0.01 0.1 0.3 0.2 0. 1. 1. 5. 3. 0.075 0.104 762.1924 
930.007125 0. 0. 30. 21.7547 22. 22. 1. 

0.001105 0.02 0.08 3. 0.01 0.1 0.3 0.2 0. 1. 1. 5. 2.2000 0.083 0.107 
760.1955 940.6161 0. 0. 30. 22.1021 22. 22. 1. 

0.001105 0.02 0.08 3. 0.01 0.1 0.3 0.2 0. 1. 1. 5. 2.3999 0.088 0.09 
766.6472 898.3716 0. 0. 30. 23.2847 23. 23. 1. 

0.001105 0.02 0.08 3. 0.01 0.1 0.3 0.2 0. 1. 1. 5. 2.5 0.071 0.094 788.3753 
897.2556 0. 0. 30. 21.1073 21. 21. 1. 

0.001105 0.02 0.08 3. 0.01 0.1 0.3 0.2 0. 1. 1. 5. 2.2000 0.085 0.095 
824.2658 846.006687 0. 0. 30. 22.7874 23. 23. 1. 

0.001105 0.02 0.08 3. 0.01 0.1 0.3 0.2 0. 1. 1. 5. 2.1000 0.082 0.104 
779.01457 881.3464 0. 0. 30. 22.3580 22. 22. 2. 

0.001105 0.02 0.08 3. 0.01 0.1 0.3 0.2 0. 1. 1. 5. 2.6000 0.089 0.094 
792.7870 867.1399 0. 0. 30. 20.9002 21. 21. 2. 

0.001105 0.02 0.08 3. 0.01 0.1 0.3 0.2 0. 1. 1. 5. 2.5 0.083 0.105 
764.06124 916.3839 0. 0. 30. 22.6658 22. 22. 2. 

0.001105 0.02 0.08 3. 0.01 0.1 0.3 0.2 0. 1. 1. 5. 2.2999 0.082 0.102 
772.7692 986.4920 0. 0. 30. 21.6192 22. 22. 1. 

0.001105 0.02 0.08 3. 0.01 0.1 0.3 0.2 0. 1. 1. 5. 2.8999 0.083 0.1 
796.9542 909.1851 0. 0. 30. 22.4420 22. 22. 2. 

0.001105 0.02 0.08 3. 0.01 0.1 0.3 0.2 0. 1. 1. 5. 2.5 0.09 0.094 714.3710 
842.9659 0. 0. 30. 20.9483 21. 21. 1. 

0.001105 0.02 0.08 3. 0.01 0.1 0.3 0.2 0. 1. 1. 5. 2.3999 0.085 0.103 
792.5368 988.9127 0. 0. 30. 22.6388 23. 23. 1. 

0.001105 0.02 0.08 3. 0.01 0.1 0.3 0.2 0. 1. 1. 5. 2.7000 0.072 0.101 
771.06438 1011.3584 0. 0. 30. 22.1714 22. 22. 1. 

0.001105 0.02 0.08 3. 0.01 0.1 0.3 0.2 0. 1. 1. 5. 2.7000 0.08 0.097 
733.3221 915.8250 0. 0. 30. 22.2549 22. 22. 1. 

0.001105 0.02 0.08 3. 0.01 0.1 0.3 0.2 0. 1. 1. 5. 2.2000 0.079 0.104 
760.9966 951.4682 0. 0. 30. 22.4080 22. 22. 2. 

0.001105 0.02 0.08 3. 0.01 0.1 0.3 0.2 0. 1. 1. 5. 2.3999 0.07 0.097 
761.8979 878.09293 0. 0. 30. 20.8598 21. 21. 2. 

0.001105 0.02 0.08 3. 0.01 0.1 0.3 0.2 0. 1. 1. 5. 2.8999 0.078 0.105 
754.3324 908.8288 0. 0. 30. 22.7160 23. 23. 1. 

0.001105 0.02 0.08 3. 0.01 0.1 0.3 0.2 0. 1. 1. 5. 2.7999 0.089 0.097 
789.4682 881.9961 0. 0. 30. 22.3345 23. 23. 2. 

0.001105 0.02 0.08 3. 0.01 0.1 0.3 0.2 0. 1. 1. 5. 2.8999 0.09 0.1 822.3877 
907.7693 0. 0. 30. 20.9069 21. 21. 1. 

0.001105 0.02 0.08 3. 0.01 0.1 0.3 0.2 0. 1. 1. 5. 2.7000 0.087 0.106 
752.6874 907.2000 0. 0. 30. 20.6362 21. 21. 1. 

0.001105 0.02 0.08 3. 0.01 0.1 0.3 0.2 0. 1. 1. 5. 2.7000 0.08 0.094 
769.7142 865.5094 0. 0. 30. 21.1211 21. 21. 2. 

0.001105 0.02 0.08 3. 0.01 0.1 0.3 0.2 0. 1. 1. 5. 2.8999 0.084 0.102 
786.5256 934.1482 0. 0. 30. 23.3654 23. 23. 1. 

0.001105 0.02 0.08 3. 0.01 0.1 0.3 0.2 0. 1. 1. 5. 2.6000 0.09 0.101 
768.5639 985.06673 0. 0. 30. 21.4008 21. 21. 1. 

0.001105 0.02 0.08 3. 0.01 0.1 0.3 0.2 0. 1. 1. 5. 2.6000 0.087 0.105 
778.7471 861.1150 0. 0. 30. 22.1259 22. 22. 1. 

0.001105 0.02 0.08 3. 0.01 0.1 0.3 0.2 0. 1. 1. 5. 2.7000 0.085 0.108 
831.1662 946.1966 0. 0. 30. 22.1601 22. 22. 2. 

0.001105 0.02 0.08 3. 0.01 0.1 0.3 0.2 0. 1. 1. 5. 2. 0.072 0.107 768.6924 
929.1211 0. 0. 30. 21.2597 21. 21. 2. 

0.001105 0.02 0.08 3. 0.01 0.1 0.3 0.2 0. 1. 1. 5. 2. 0.082 0.097 741.8139 
898.1233 0. 0. 30. 20.7054 21. 21. 1. 

0.001105 0.02 0.08 3. 0.01 0.1 0.3 0.2 0. 1. 1. 5. 2.1000 0.074 0.091 
778.6468 820.2908 0. 0. 30. 21.9982 22. 22. 2. 

0.001105 0.02 0.08 3. 0.01 0.1 0.3 0.2 0. 1. 1. 5. 2.5 0.079 0.092 768.6854 
948.04126 0. 0. 30. 22.7084 23. 23. 1. 

0.001105 0.02 0.08 3. 0.01 0.1 0.3 0.2 0. 1. 1. 5. 2.6000 0.083 0.098 
735.5326 1001.2166 0. 0. 30. 20.6420 21. 21. 1. 

0.001105 0.02 0.08 3. 0.01 0.1 0.3 0.2 0. 1. 1. 5. 2.2000 0.082 0.101 
748.6779 938.8501 0. 0. 30. 21.1268 22. 22. 2. 

0.001105 0.02 0.08 3. 0.01 0.1 0.3 0.2 0. 1. 1. 5. 2.8999 0.089 0.11 
801.9037 957.8460 0. 0. 30. 21.8985 22. 22. 1. 

0.001105 0.02 0.08 3. 0.01 0.1 0.3 0.2 0. 1. 1. 5. 2.1000 0.071 0.109 
753.2966 855.2443 0. 0. 30. 22.1481 22. 22. 1. 

0.001105 0.02 0.08 3. 0.01 0.1 0.3 0.2 0. 1. 1. 5. 2. 0.087 0.101 809.7315 
889.3414 0. 0. 30. 21.6771 22. 22. 1. 

0.001105 0.02 0.08 3. 0.01 0.1 0.3 0.2 0. 1. 1. 5. 2.7000 0.077 0.108 
743.2201 995.4256 0. 0. 30. 22.9989 22. 22. 2. 

0.001105 0.02 0.08 3. 0.01 0.1 0.3 0.2 0. 1. 1. 5. 2.2999 0.078 0.099 
790.7015 927.7878 0. 0. 30. 20.8596 21. 21. 1. 

0.001105 0.02 0.08 3. 0.01 0.1 0.3 0.2 0. 1. 1. 5. 2.1000 0.08 0.097 
758.9596 831.9518 0. 0. 30. 22.9369 23. 23. 2. 

0.001105 0.02 0.08 3. 0.01 0.1 0.3 0.2 0. 1. 1. 5. 2.8999 0.072 0.105 
780.4532 917.4627 0. 0. 30. 20.5998 21. 21. 2. 

0.001105 0.02 0.08 3. 0.01 0.1 0.3 0.2 0. 1. 1. 5. 2.1000 0.074 0.108 
744.6216 891.3543 0. 0. 30. 20.5132 21. 21. 1. 

0.001105 0.02 0.08 3. 0.01 0.1 0.3 0.2 0. 1. 1. 5. 2.8999 0.074 0.092 
739.5664 889.3366 0. 0. 30. 20.6641 21. 21. 2. 

0.001105 0.02 0.08 3. 0.01 0.1 0.3 0.2 0. 1. 1. 5. 2.2999 0.071 0.096 
729.8607 901.5149 0. 0. 30. 22.1797 23. 23. 2. 

0.001105 0.02 0.08 3. 0.01 0.1 0.3 0.2 0. 1. 1. 5. 2.1000 0.086 0.108 
773.6150 850.5049 0. 0. 30. 22.7939 23. 23. 1. 

0.001105 0.02 0.08 3. 0.01 0.1 0.3 0.2 0. 1. 1. 5. 2.7000 0.07 0.091 
782.6205 920.03689 0. 0. 30. 22.4145 22. 22. 2. 

0.001105 0.02 0.08 3. 0.01 0.1 0.3 0.2 0. 1. 1. 5. 2.7999 0.076 0.104 
775.1974 874.7228 0. 0. 30. 20.6751 21. 21. 2. 

0.001105 0.02 0.08 3. 0.01 0.1 0.3 0.2 0. 1. 1. 5. 2.6000 0.085 0.092 
723.4845 908.5793 0. 0. 30. 22.5979 22. 22. 2. 

0.001105 0.02 0.08 3. 0.01 0.1 0.3 0.2 0. 1. 1. 5. 2.7000 0.071 0.091 
731.9273 924.8990 0. 0. 30. 22.2641 23. 23. 2. 

0.001656 0.02 0.08 3. 0.01 0.1 0.3 0.2 0. 1. 1. 5. 2.7000 0.072 0.092 
791.5232 861.1047 0. 0. 30. 22.1663 22. 22. 2. 

0.001656 0.02 0.08 3. 0.01 0.1 0.3 0.2 0. 1. 1. 5. 2.7000 0.075 0.105 
834.1550 927.05697 0. 0. 30. 20.8691 21. 21. 1. 

0.001656 0.02 0.08 3. 0.01 0.1 0.3 0.2 0. 1. 1. 5. 2.7000 0.082 0.106 
759.08657 870.03639 0. 0. 30. 20.4113 21. 21. 2. 

0.001656 0.02 0.08 3. 0.01 0.1 0.3 0.2 0. 1. 1. 5. 2.3999 0.081 0.095 
784.3168 896.4340 0. 0. 30. 20.2012 21. 21. 2. 

0.001656 0.02 0.08 3. 0.01 0.1 0.3 0.2 0. 1. 1. 5. 2.2999 0.075 0.101 
714.6161 880.08334 0. 0. 30. 21.2844 21. 21. 1. 

0.001656 0.02 0.08 3. 0.01 0.1 0.3 0.2 0. 1. 1. 5. 2.2999 0.082 0.109 
765.2938 913.8899 0. 0. 30. 23.1554 23. 23. 1. 

0.001656 0.02 0.08 3. 0.01 0.1 0.3 0.2 0. 1. 1. 5. 2.1000 0.089 0.094 
715.1349 969.2249 0. 0. 30. 21.7920 22. 22. 2. 

0.001656 0.02 0.08 3. 0.01 0.1 0.3 0.2 0. 1. 1. 5. 2.2999 0.071 0.103 
761.3994 890.1328 0. 0. 30. 21.8158 22. 22. 1. 

0.001656 0.02 0.08 3. 0.01 0.1 0.3 0.2 0. 1. 1. 5. 2.7999 0.084 0.093 
703.9020 871.4376 0. 0. 30. 21.1555 21. 21. 1. 

0.001656 0.02 0.08 3. 0.01 0.1 0.3 0.2 0. 1. 1. 5. 2.7000 0.081 0.092 
779.1847 841.3832 0. 0. 30. 20.6420 21. 21. 1. 

0.001656 0.02 0.08 3. 0.01 0.1 0.3 0.2 0. 1. 1. 5. 2.2000 0.074 0.096 
756.1273 879.5107 0. 0. 30. 22.4064 22. 22. 2. 

0.001656 0.02 0.08 3. 0.01 0.1 0.3 0.2 0. 1. 1. 5. 2.6000 0.074 0.094 
711.05742 1030.2597 0. 0. 30. 21.6268 22. 22. 2. 

0.001656 0.02 0.08 3. 0.01 0.1 0.3 0.2 0. 1. 1. 5. 2.2000 0.082 0.11 
719.1996 877.5301 0. 0. 30. 22.1840 22. 22. 1. 

0.001656 0.02 0.08 3. 0.01 0.1 0.3 0.2 0. 1. 1. 5. 2.3999 0.09 0.098 
782.2754 842.8785 0. 0. 30. 22.2581 22. 22. 1. 

0.001656 0.02 0.08 3. 0.01 0.1 0.3 0.2 0. 1. 1. 5. 2.8999 0.077 0.104 
754.8691 905.1053 0. 0. 30. 22.6706 23. 23. 2. 

0.001656 0.02 0.08 3. 0.01 0.1 0.3 0.2 0. 1. 1. 5. 2.2999 0.079 0.098 
744.02554 909.03320 0. 0. 30. 21.9293 22. 22. 1. 

0.001656 0.02 0.08 3. 0.01 0.1 0.3 0.2 0. 1. 1. 5. 2.1000 0.07 0.096 
758.4129 926.2793 0. 0. 30. 22.9157 23. 23. 2. 

0.001656 0.02 0.08 3. 0.01 0.1 0.3 0.2 0. 1. 1. 5. 2.2000 0.085 0.105 
792.9575 938.9139 0. 0. 30. 20.9265 21. 21. 2. 

0.001656 0.02 0.08 3. 0.01 0.1 0.3 0.2 0. 1. 1. 5. 2.2000 0.072 0.106 
745.7078 838.1590 0. 0. 30. 22.03311 22. 22. 2. 

0.001656 0.02 0.08 3. 0.01 0.1 0.3 0.2 0. 1. 1. 5. 2.7000 0.073 0.109 
773.7496 926.5050 0. 0. 30. 21.4972 21. 21. 2. 

0.001656 0.02 0.08 3. 0.01 0.1 0.3 0.2 0. 1. 1. 5. 2.1000 0.081 0.097 
773.2774 887.4723 0. 0. 30. 21.7553 22. 22. 1. 

0.001656 0.02 0.08 3. 0.01 0.1 0.3 0.2 0. 1. 1. 5. 2. 0.088 0.103 822.3401 
841.9740 0. 0. 30. 23.1547 23. 23. 2. 

0.001656 0.02 0.08 3. 0.01 0.1 0.3 0.2 0. 1. 1. 5. 2.3999 0.075 0.105 
749.1618 876.9058 0. 0. 30. 23.4304 23. 23. 2. 

0.001656 0.02 0.08 3. 0.01 0.1 0.3 0.2 0. 1. 1. 5. 2.6000 0.078 0.098 
793.8910 866.4404 0. 0. 30. 23.7045 23. 23. 2. 

0.001656 0.02 0.08 3. 0.01 0.1 0.3 0.2 0. 1. 1. 5. 2.5 0.083 0.109 766.6269 
822.1703 0. 0. 30. 22.7101 23. 23. 2. 

0.001656 0.02 0.08 3. 0.01 0.1 0.3 0.2 0. 1. 1. 5. 3. 0.074 0.103 778.8261 
861.1078 0. 0. 30. 20.9211 21. 21. 1. 

0.001656 0.02 0.08 3. 0.01 0.1 0.3 0.2 0. 1. 1. 5. 2.2000 0.085 0.097 
823.06974 975.5291 0. 0. 30. 22.4573 22. 22. 1. 

0.001656 0.02 0.08 3. 0.01 0.1 0.3 0.2 0. 1. 1. 5. 2.2999 0.088 0.094 
757.9903 866.4098 0. 0. 30. 21.5450 22. 22. 1. 

0.001656 0.02 0.08 3. 0.01 0.1 0.3 0.2 0. 1. 1. 5. 2.7000 0.077 0.103 
759.4433 913.4770 0. 0. 30. 21.6011 21. 21. 2. 

0.001656 0.02 0.08 3. 0.01 0.1 0.3 0.2 0. 1. 1. 5. 2.7000 0.086 0.098 
775.4299 912.2124 0. 0. 30. 21.7486 22. 22. 1. 

0.001656 0.02 0.08 3. 0.01 0.1 0.3 0.2 0. 1. 1. 5. 2.5 0.075 0.106 846.1504 
833.8332 0. 0. 30. 22.3020 22. 22. 1. 

0.001656 0.02 0.08 3. 0.01 0.1 0.3 0.2 0. 1. 1. 5. 3. 0.071 0.109 737.4590 
911.3409 0. 0. 30. 23.7707 23. 23. 2. 

0.001656 0.02 0.08 3. 0.01 0.1 0.3 0.2 0. 1. 1. 5. 2.8999 0.083 0.093 
759.05021 857.5944 0. 0. 30. 21.1164 21. 21. 1. 

0.001656 0.02 0.08 3. 0.01 0.1 0.3 0.2 0. 1. 1. 5. 2.8999 0.077 0.098 
804.9942 960.6410 0. 0. 30. 22.5336 22. 22. 2. 

0.001656 0.02 0.08 3. 0.01 0.1 0.3 0.2 0. 1. 1. 5. 2.2999 0.083 0.095 
743.003944 931.7372 0. 0. 30. 22.1026 22. 22. 1. 

0.001656 0.02 0.08 3. 0.01 0.1 0.3 0.2 0. 1. 1. 5. 2.7999 0.082 0.101 
778.3935 902.5610 0. 0. 30. 21.9923 21. 21. 2. 

0.001656 0.02 0.08 3. 0.01 0.1 0.3 0.2 0. 1. 1. 5. 2.3999 0.089 0.097 
827.8327 891.1876 0. 0. 30. 21.6256 22. 22. 1. 

0.001656 0.02 0.08 3. 0.01 0.1 0.3 0.2 0. 1. 1. 5. 2.2999 0.085 0.106 
785.8241 942.7101 0. 0. 30. 22.8781 23. 23. 1. 

0.001656 0.02 0.08 3. 0.01 0.1 0.3 0.2 0. 1. 1. 5. 2.7000 0.085 0.094 
739.8239 939.5341 0. 0. 30. 21.4728 22. 22. 2. 

0.001656 0.02 0.08 3. 0.01 0.1 0.3 0.2 0. 1. 1. 5. 2.2000 0.087 0.105 
818.9617 823.3905 0. 0. 30. 20.9897 21. 21. 1. 

0.001656 0.02 0.08 3. 0.01 0.1 0.3 0.2 0. 1. 1. 5. 2.2000 0.088 0.092 
717.7295 910.2652 0. 0. 30. 22.6789 23. 23. 1. 

0.001656 0.02 0.08 3. 0.01 0.1 0.3 0.2 0. 1. 1. 5. 2.2999 0.074 0.1 
794.8516 910.8869 0. 0. 30. 20.5546 21. 21. 1. 

0.001656 0.02 0.08 3. 0.01 0.1 0.3 0.2 0. 1. 1. 5. 2.5 0.079 0.11 797.4455 
897.1459 0. 0. 30. 22.8900 23. 23. 1. 

0.001656 0.02 0.08 3. 0.01 0.1 0.3 0.2 0. 1. 1. 5. 2.8999 0.088 0.104 
784.7225 870.6936 0. 0. 30. 23.2305 23. 23. 1. 

0.001656 0.02 0.08 3. 0.01 0.1 0.3 0.2 0. 1. 1. 5. 2.6000 0.087 0.098 
789.08419 939.6589 0. 0. 30. 22.9582 22. 22. 2. 

0.001656 0.02 0.08 3. 0.01 0.1 0.3 0.2 0. 1. 1. 5. 2.5 0.077 0.102 761.7469 
922.1571 0. 0. 30. 22.1947 22. 22. 1. 

0.001656 0.02 0.08 3. 0.01 0.1 0.3 0.2 0. 1. 1. 5. 3. 0.077 0.107 783.5562 
982.4191 0. 0. 30. 21.1626 21. 21. 1. 

0.001656 0.02 0.08 3. 0.01 0.1 0.3 0.2 0. 1. 1. 5. 2.2999 0.075 0.104 
788.3810 914.4690 0. 0. 30. 21.8487 22. 22. 1. 

0.001656 0.02 0.08 3. 0.01 0.1 0.3 0.2 0. 1. 1. 5. 2.5 0.075 0.104 840.9567 
875.8884 0. 0. 30. 22.3367 22. 22. 1. 

0.001656 0.02 0.08 3. 0.01 0.1 0.3 0.2 0. 1. 1. 5. 2.1000 0.082 0.097 
785.3604 900.5677 0. 0. 30. 21.7062 22. 22. 2. 

0.001656 0.02 0.08 3. 0.01 0.1 0.3 0.2 0. 1. 1. 5. 2.3999 0.089 0.091 
786.5899 846.1770 0. 0. 30. 22.3502 22. 22. 2. 

0.001656 0.02 0.08 3. 0.01 0.1 0.3 0.2 0. 1. 1. 5. 2.3999 0.082 0.106 
701.7469 818.3354 0. 0. 30. 22.4624 23. 23. 2. 

0.001656 0.02 0.08 3. 0.01 0.1 0.3 0.2 0. 1. 1. 5. 2.3999 0.072 0.095 
757.8745 863.7100 0. 0. 30. 20.6216 21. 21. 1. 

0.001656 0.02 0.08 3. 0.01 0.1 0.3 0.2 0. 1. 1. 5. 2.8999 0.072 0.109 
758.7669 827.4129 0. 0. 30. 22.5893 22. 22. 2. 

0.001656 0.02 0.08 3. 0.01 0.1 0.3 0.2 0. 1. 1. 5. 2.5 0.084 0.108 726.2287 
870.9145 0. 0. 30. 21.2201 21. 21. 1. 

0.001656 0.02 0.08 3. 0.01 0.1 0.3 0.2 0. 1. 1. 5. 2.7000 0.088 0.102 
705.3052 984.4699 0. 0. 30. 23.04366 23. 23. 1. 

0.001656 0.02 0.08 3. 0.01 0.1 0.3 0.2 0. 1. 1. 5. 3. 0.084 0.107 766.6185 
898.05881 0. 0. 30. 22.2490 22. 22. 1. 

0.001656 0.02 0.08 3. 0.01 0.1 0.3 0.2 0. 1. 1. 5. 2.5 0.083 0.096 737.7429 
895.4516 0. 0. 30. 22.5605 22. 22. 2. 

0.001656 0.02 0.08 3. 0.01 0.1 0.3 0.2 0. 1. 1. 5. 2.7000 0.073 0.09 
776.06154 882.6061 0. 0. 30. 22.5732 23. 23. 2. 

0.001656 0.02 0.08 3. 0.01 0.1 0.3 0.2 0. 1. 1. 5. 2.7999 0.088 0.102 
818.7014 953.1216 0. 0. 30. 22.1535 22. 22. 2. 

0.001656 0.02 0.08 3. 0.01 0.1 0.3 0.2 0. 1. 1. 5. 2. 0.079 0.103 771.08668 
881.7684 0. 0. 30. 23.6981 23. 23. 2. 

0.001656 0.02 0.08 3. 0.01 0.1 0.3 0.2 0. 1. 1. 5. 2.3999 0.082 0.107 
851.8769 915.1782 0. 0. 30. 20.1441 21. 21. 2. 

0.001656 0.02 0.08 3. 0.01 0.1 0.3 0.2 0. 1. 1. 5. 2.3999 0.083 0.109 
813.1142 898.6219 0. 0. 30. 23.4717 23. 23. 1. 

0.001656 0.02 0.08 3. 0.01 0.1 0.3 0.2 0. 1. 1. 5. 3. 0.087 0.098 760.9839 
874.9982 0. 0. 30. 23.8274 23. 23. 2. 

0.001656 0.02 0.08 3. 0.01 0.1 0.3 0.2 0. 1. 1. 5. 2.6000 0.082 0.093 
818.3597 896.2275 0. 0. 30. 21.5251 21. 21. 2. 

0.001656 0.02 0.08 3. 0.01 0.1 0.3 0.2 0. 1. 1. 5. 2.8999 0.076 0.103 
785.6043 845.3877 0. 0. 30. 22.2166 22. 22. 1. 

0.001656 0.02 0.08 3. 0.01 0.1 0.3 0.2 0. 1. 1. 5. 2.2999 0.088 0.107 
760.8873 899.5651 0. 0. 30. 22.2192 22. 22. 2. 

0.001656 0.02 0.08 3. 0.01 0.1 0.3 0.2 0. 1. 1. 5. 2.6000 0.077 0.099 
788.4015 984.1425 0. 0. 30. 22.1747 22. 22. 1. 

0.001656 0.02 0.08 3. 0.01 0.1 0.3 0.2 0. 1. 1. 5. 2.3999 0.079 0.092 
796.2014 856.01166 0. 0. 30. 20.8756 21. 21. 1. 

0.001656 0.02 0.08 3. 0.01 0.1 0.3 0.2 0. 1. 1. 5. 2.5 0.081 0.098 765.4216 
901.6844 0. 0. 30. 22.4446 22. 22. 2. 

0.001656 0.02 0.08 3. 0.01 0.1 0.3 0.2 0. 1. 1. 5. 2.3999 0.087 0.093 
716.5778 782.6380 0. 0. 30. 20.8017 21. 21. 1. 

0.001656 0.02 0.08 3. 0.01 0.1 0.3 0.2 0. 1. 1. 5. 2. 0.081 0.092 751.08454 
930.4812 0. 0. 30. 23.1416 23. 23. 2. 

0.001656 0.02 0.08 3. 0.01 0.1 0.3 0.2 0. 1. 1. 5. 3. 0.081 0.1 752.7759 
890.2393 0. 0. 30. 22.3877 22. 22. 1. 

0.001656 0.02 0.08 3. 0.01 0.1 0.3 0.2 0. 1. 1. 5. 2.1000 0.079 0.107 
752.8770 924.7116 0. 0. 30. 23.8622 23. 23. 2. 

0.001656 0.02 0.08 3. 0.01 0.1 0.3 0.2 0. 1. 1. 5. 2.2000 0.075 0.108 
781.8402 900.2427 0. 0. 30. 22.06377 22. 22. 2. 

0.001656 0.02 0.08 3. 0.01 0.1 0.3 0.2 0. 1. 1. 5. 2.2000 0.079 0.099 
796.9023 920.6153 0. 0. 30. 21.6937 22. 22. 2. 

0.001656 0.02 0.08 3. 0.01 0.1 0.3 0.2 0. 1. 1. 5. 2.5 0.081 0.093 775.3661 
946.3792 0. 0. 30. 22.4627 22. 22. 2. 

0.001656 0.02 0.08 3. 0.01 0.1 0.3 0.2 0. 1. 1. 5. 2.3999 0.079 0.098 
777.2336 937.7343 0. 0. 30. 22.8904 22. 22. 2. 

0.001656 0.02 0.08 3. 0.01 0.1 0.3 0.2 0. 1. 1. 5. 2.7999 0.084 0.092 
753.9738 912.1275 0. 0. 30. 21.7286 22. 22. 1. 

0.001656 0.02 0.08 3. 0.01 0.1 0.3 0.2 0. 1. 1. 5. 2.7999 0.07 0.107 
703.3404 922.4381 0. 0. 30. 22.07161 22. 22. 1. 

0.001656 0.02 0.08 3. 0.01 0.1 0.3 0.2 0. 1. 1. 5. 2.1000 0.083 0.102 
720.8183 778.7625 0. 0. 30. 20.9351 21. 21. 1. 

0.001656 0.02 0.08 3. 0.01 0.1 0.3 0.2 0. 1. 1. 5. 2.7999 0.082 0.1 
790.6326 830.3296 0. 0. 30. 23.01699 23. 23. 1. 

0.001656 0.02 0.08 3. 0.01 0.1 0.3 0.2 0. 1. 1. 5. 2.1000 0.081 0.09 
815.7168 927.2905 0. 0. 30. 23.01026 23. 23. 2. 

0.001656 0.02 0.08 3. 0.01 0.1 0.3 0.2 0. 1. 1. 5. 2.2999 0.072 0.1 
776.5747 952.2910 0. 0. 30. 21.03395 21. 21. 2. 

0.001656 0.02 0.08 3. 0.01 0.1 0.3 0.2 0. 1. 1. 5. 2.2000 0.089 0.102 
762.9468 993.8646 0. 0. 30. 22.3396 22. 22. 1. 

0.001656 0.02 0.08 3. 0.01 0.1 0.3 0.2 0. 1. 1. 5. 2.5 0.081 0.104 751.8944 
860.1488 0. 0. 30. 21.8135 22. 22. 2. 

0.001656 0.02 0.08 3. 0.01 0.1 0.3 0.2 0. 1. 1. 5. 2.1000 0.079 0.096 
760.1796 923.7758 0. 0. 30. 21.8604 22. 22. 1. 

0.001656 0.02 0.08 3. 0.01 0.1 0.3 0.2 0. 1. 1. 5. 2.1000 0.075 0.092 
754.5204 845.7450 0. 0. 30. 21.6192 22. 22. 1. 

0.001656 0.02 0.08 3. 0.01 0.1 0.3 0.2 0. 1. 1. 5. 2.5 0.084 0.095 803.4176 
820.6947 0. 0. 30. 21.7206 22. 22. 1. 

0.001656 0.02 0.08 3. 0.01 0.1 0.3 0.2 0. 1. 1. 5. 2. 0.074 0.093 747.7787 
840.7499 0. 0. 30. 21.8021 21. 21. 2. 

0.001656 0.02 0.08 3. 0.01 0.1 0.3 0.2 0. 1. 1. 5. 2.8999 0.074 0.1 
756.02758 903.7973 0. 0. 30. 21.9363 22. 22. 1. 

0.001656 0.02 0.08 3. 0.01 0.1 0.3 0.2 0. 1. 1. 5. 2.2000 0.071 0.109 
762.9996 920.1940 0. 0. 30. 23.1800 23. 23. 1. 

0.001656 0.02 0.08 3. 0.01 0.1 0.3 0.2 0. 1. 1. 5. 2.7000 0.083 0.101 
754.1617 936.1530 0. 0. 30. 21.3909 21. 21. 1. 

0.001656 0.02 0.08 3. 0.01 0.1 0.3 0.2 0. 1. 1. 5. 2.8999 0.078 0.096 
782.2422 953.6178 0. 0. 30. 22.6651 23. 23. 2. 

0.001656 0.02 0.08 3. 0.01 0.1 0.3 0.2 0. 1. 1. 5. 2.8999 0.079 0.108 
727.7536 907.06158 0. 0. 30. 21.8365 22. 22. 1. 

0.001656 0.02 0.08 3. 0.01 0.1 0.3 0.2 0. 1. 1. 5. 2.2000 0.076 0.098 
774.1022 855.8325 0. 0. 30. 21.7415 22. 22. 1. 

0.001656 0.02 0.08 3. 0.01 0.1 0.3 0.2 0. 1. 1. 5. 2.2000 0.073 0.109 
872.2259 957.3458 0. 0. 30. 21.8603 22. 22. 1. 

0.001656 0.02 0.08 3. 0.01 0.1 0.3 0.2 0. 1. 1. 5. 2.2000 0.07 0.096 
786.05903 924.1493 0. 0. 30. 21.7874 22. 22. 1. 

0.001656 0.02 0.08 3. 0.01 0.1 0.3 0.2 0. 1. 1. 5. 2.5 0.085 0.105 775.4309 
932.8739 0. 0. 30. 22.004397 22. 22. 1. 

0.001656 0.02 0.08 3. 0.01 0.1 0.3 0.2 0. 1. 1. 5. 2.2999 0.072 0.093 
760.4034 941.2715 0. 0. 30. 21.5135 22. 22. 2. 

0.002211 0.02 0.08 3. 0.01 0.1 0.3 0.2 0. 1. 1. 5. 2. 0.081 0.096 805.1776 
986.7547 0. 0. 30. 22.1714 22. 22. 1. 

0.002211 0.02 0.08 3. 0.01 0.1 0.3 0.2 0. 1. 1. 5. 2.7999 0.089 0.091 
768.9993 913.05588 0. 0. 30. 22.3000 22. 22. 2. 

0.002211 0.02 0.08 3. 0.01 0.1 0.3 0.2 0. 1. 1. 5. 2.7000 0.077 0.102 
702.4130 841.5824 0. 0. 30. 23.09497 23. 23. 1. 

0.002211 0.02 0.08 3. 0.01 0.1 0.3 0.2 0. 1. 1. 5. 3. 0.074 0.094 755.2184 
922.05282 0. 0. 30. 21.6519 22. 22. 1. 

0.002211 0.02 0.08 3. 0.01 0.1 0.3 0.2 0. 1. 1. 5. 2.3999 0.077 0.093 
762.1408 845.2292 0. 0. 30. 22.07326 22. 22. 1. 

0.002211 0.02 0.08 3. 0.01 0.1 0.3 0.2 0. 1. 1. 5. 2.7999 0.075 0.099 
778.7535 869.2690 0. 0. 30. 21.4425 22. 22. 2. 

0.002211 0.02 0.08 3. 0.01 0.1 0.3 0.2 0. 1. 1. 5. 2.7999 0.089 0.107 
770.4533 841.7753 0. 0. 30. 22.4573 22. 22. 1. 

0.002211 0.02 0.08 3. 0.01 0.1 0.3 0.2 0. 1. 1. 5. 2.6000 0.082 0.093 
704.7106 840.2172 0. 0. 30. 23.3992 23. 23. 2. 

0.002211 0.02 0.08 3. 0.01 0.1 0.3 0.2 0. 1. 1. 5. 2.7000 0.075 0.102 
798.8683 887.3012 0. 0. 30. 22.8209 23. 23. 1. 

0.002211 0.02 0.08 3. 0.01 0.1 0.3 0.2 0. 1. 1. 5. 2.5 0.071 0.105 772.3338 
904.03505 0. 0. 30. 23.5780 23. 23. 2. 

0.002211 0.02 0.08 3. 0.01 0.1 0.3 0.2 0. 1. 1. 5. 2.2999 0.079 0.105 
732.2959 848.1984 0. 0. 30. 22.9453 22. 22. 2. 

0.002211 0.02 0.08 3. 0.01 0.1 0.3 0.2 0. 1. 1. 5. 2.7000 0.076 0.096 
816.01388 1036.6770 0. 0. 30. 21.5886 22. 22. 1. 

0.002211 0.02 0.08 3. 0.01 0.1 0.3 0.2 0. 1. 1. 5. 2.7999 0.082 0.109 
742.7388 912.02875 0. 0. 30. 21.3819 22. 22. 2. 

0.002211 0.02 0.08 3. 0.01 0.1 0.3 0.2 0. 1. 1. 5. 2.3999 0.078 0.107 
782.8530 849.7907 0. 0. 30. 22.1714 22. 22. 1. 

0.002211 0.02 0.08 3. 0.01 0.1 0.3 0.2 0. 1. 1. 5. 2.6000 0.073 0.093 
768.7880 934.8596 0. 0. 30. 21.5538 22. 22. 1. 

0.002211 0.02 0.08 3. 0.01 0.1 0.3 0.2 0. 1. 1. 5. 2.7999 0.079 0.098 
809.4861 860.1767 0. 0. 30. 22.7429 22. 22. 2. 

0.002211 0.02 0.08 3. 0.01 0.1 0.3 0.2 0. 1. 1. 5. 2.2999 0.083 0.109 
724.6106 921.6989 0. 0. 30. 21.7638 22. 22. 1. 

0.002211 0.02 0.08 3. 0.01 0.1 0.3 0.2 0. 1. 1. 5. 2.7999 0.09 0.094 
786.2287 872.04693 0. 0. 30. 22.8484 23. 23. 2. 

0.002211 0.02 0.08 3. 0.01 0.1 0.3 0.2 0. 1. 1. 5. 2.7000 0.08 0.106 
764.4322 843.9291 0. 0. 30. 21.3875 22. 22. 2. 

0.002211 0.02 0.08 3. 0.01 0.1 0.3 0.2 0. 1. 1. 5. 2.3999 0.085 0.091 
788.7633 937.6480 0. 0. 30. 21.9979 22. 22. 1. 

0.002211 0.02 0.08 3. 0.01 0.1 0.3 0.2 0. 1. 1. 5. 2.5 0.09 0.107 798.05753 
933.1758 0. 0. 30. 21.9589 22. 22. 2. 

0.002211 0.02 0.08 3. 0.01 0.1 0.3 0.2 0. 1. 1. 5. 2.2000 0.078 0.104 
775.8564 944.4431 0. 0. 30. 23.07013 23. 23. 2. 

0.002211 0.02 0.08 3. 0.01 0.1 0.3 0.2 0. 1. 1. 5. 3. 0.072 0.091 767.4732 
904.4625 0. 0. 30. 22.8639 23. 23. 2. 

0.002211 0.02 0.08 3. 0.01 0.1 0.3 0.2 0. 1. 1. 5. 2.5 0.084 0.09 783.5244 
821.7487 0. 0. 30. 21.8690 22. 22. 1. 

0.002211 0.02 0.08 3. 0.01 0.1 0.3 0.2 0. 1. 1. 5. 2.7000 0.073 0.096 
724.5242 788.5744 0. 0. 30. 21.9422 22. 22. 2. 

0.002211 0.02 0.08 3. 0.01 0.1 0.3 0.2 0. 1. 1. 5. 2.3999 0.074 0.109 
762.5175 964.7009 0. 0. 30. 22.3771 22. 22. 1. 

0.002211 0.02 0.08 3. 0.01 0.1 0.3 0.2 0. 1. 1. 5. 2.7999 0.079 0.106 
823.4388 896.7192 0. 0. 30. 22.8039 22. 22. 2. 

0.002211 0.02 0.08 3. 0.01 0.1 0.3 0.2 0. 1. 1. 5. 2.7000 0.078 0.105 
801.4579 908.8774 0. 0. 30. 21.5712 22. 22. 1. 

0.002211 0.02 0.08 3. 0.01 0.1 0.3 0.2 0. 1. 1. 5. 2.2000 0.072 0.099 
721.5525 1012.3032 0. 0. 30. 21.5303 22. 22. 1. 

0.002211 0.02 0.08 3. 0.01 0.1 0.3 0.2 0. 1. 1. 5. 2.2000 0.079 0.093 
756.2031 954.5500 0. 0. 30. 21.5492 22. 22. 1. 

0.002211 0.02 0.08 3. 0.01 0.1 0.3 0.2 0. 1. 1. 5. 2. 0.072 0.102 756.4337 
939.1682 0. 0. 30. 22.9777 23. 23. 2. 

0.002211 0.02 0.08 3. 0.01 0.1 0.3 0.2 0. 1. 1. 5. 2.2000 0.075 0.101 
798.7842 882.9534 0. 0. 30. 22.8346 22. 22. 2. 

0.002211 0.02 0.08 3. 0.01 0.1 0.3 0.2 0. 1. 1. 5. 2.2000 0.084 0.102 
765.4660 944.6392 0. 0. 30. 22.1333 22. 22. 1. 

0.002211 0.02 0.08 3. 0.01 0.1 0.3 0.2 0. 1. 1. 5. 2.6000 0.077 0.106 
724.4593 846.2541 0. 0. 30. 20.2216 21. 21. 2. 

0.002211 0.02 0.08 3. 0.01 0.1 0.3 0.2 0. 1. 1. 5. 2.3999 0.088 0.101 
756.7870 857.5765 0. 0. 30. 21.2480 22. 22. 2. 

0.002211 0.02 0.08 3. 0.01 0.1 0.3 0.2 0. 1. 1. 5. 2.5 0.087 0.091 
790.08095 934.1618 0. 0. 30. 22.1852 22. 22. 1. 

0.002211 0.02 0.08 3. 0.01 0.1 0.3 0.2 0. 1. 1. 5. 2.8999 0.082 0.108 
734.5361 929.1923 0. 0. 30. 21.6557 22. 22. 1. 

0.002211 0.02 0.08 3. 0.01 0.1 0.3 0.2 0. 1. 1. 5. 2.7999 0.082 0.105 
815.3302 843.1380 0. 0. 30. 23.2551 23. 23. 1. 

0.002211 0.02 0.08 3. 0.01 0.1 0.3 0.2 0. 1. 1. 5. 2.7000 0.087 0.093 
766.2054 913.2071 0. 0. 30. 23.7908 23. 23. 2. 

0.002211 0.02 0.08 3. 0.01 0.1 0.3 0.2 0. 1. 1. 5. 2.6000 0.082 0.107 
754.1666 962.08006 0. 0. 30. 22.2461 22. 22. 1. 

0.002211 0.02 0.08 3. 0.01 0.1 0.3 0.2 0. 1. 1. 5. 2.2000 0.073 0.102 
741.4726 854.4633 0. 0. 30. 21.8861 22. 22. 1. 

0.002211 0.02 0.08 3. 0.01 0.1 0.3 0.2 0. 1. 1. 5. 2.6000 0.073 0.094 
707.01563 880.4878 0. 0. 30. 23.2403 23. 23. 1. 

0.002211 0.02 0.08 3. 0.01 0.1 0.3 0.2 0. 1. 1. 5. 2.7000 0.086 0.107 
749.3347 857.1581 0. 0. 30. 22.3318 22. 22. 1. 

0.002211 0.02 0.08 3. 0.01 0.1 0.3 0.2 0. 1. 1. 5. 2.7999 0.081 0.095 
785.3242 867.1863 0. 0. 30. 22.03860 22. 22. 1. 

0.002211 0.02 0.08 3. 0.01 0.1 0.3 0.2 0. 1. 1. 5. 3. 0.085 0.11 742.5585 
908.9900 0. 0. 30. 21.2039 21. 21. 2. 

0.002211 0.02 0.08 3. 0.01 0.1 0.3 0.2 0. 1. 1. 5. 2.8999 0.09 0.109 
754.8477 876.2003 0. 0. 30. 20.5959 21. 21. 1. 

0.002211 0.02 0.08 3. 0.01 0.1 0.3 0.2 0. 1. 1. 5. 2.7000 0.085 0.101 
758.6477 907.1532 0. 0. 30. 22.7130 23. 23. 2. 

0.002211 0.02 0.08 3. 0.01 0.1 0.3 0.2 0. 1. 1. 5. 2.5 0.077 0.102 792.1718 
945.002235 0. 0. 30. 20.05030 21. 21. 2. 

0.002211 0.02 0.08 3. 0.01 0.1 0.3 0.2 0. 1. 1. 5. 2.3999 0.085 0.106 
765.08774 930.3366 0. 0. 30. 22.6295 23. 23. 1. 

0.002211 0.02 0.08 3. 0.01 0.1 0.3 0.2 0. 1. 1. 5. 2.2000 0.077 0.096 
787.3004 795.7114 0. 0. 30. 22.3384 22. 22. 1. 

0.002211 0.02 0.08 3. 0.01 0.1 0.3 0.2 0. 1. 1. 5. 2.2000 0.08 0.11 
758.7773 853.1207 0. 0. 30. 20.8336 21. 21. 1. 

0.002211 0.02 0.08 3. 0.01 0.1 0.3 0.2 0. 1. 1. 5. 2.2000 0.089 0.104 
825.6544 886.1350 0. 0. 30. 23.1103 23. 23. 1. 

0.002211 0.02 0.08 3. 0.01 0.1 0.3 0.2 0. 1. 1. 5. 2.7999 0.075 0.109 
796.3288 951.6802 0. 0. 30. 21.6580 22. 22. 2. 

0.002211 0.02 0.08 3. 0.01 0.1 0.3 0.2 0. 1. 1. 5. 2.2000 0.076 0.102 
798.5283 860.4740 0. 0. 30. 22.2294 22. 22. 2. 

0.002211 0.02 0.08 3. 0.01 0.1 0.3 0.2 0. 1. 1. 5. 3. 0.074 0.107 798.8344 
872.1098 0. 0. 30. 22.09943 22. 22. 1. 

0.002211 0.02 0.08 3. 0.01 0.1 0.3 0.2 0. 1. 1. 5. 2.7999 0.072 0.106 
793.3336 872.5549 0. 0. 30. 22.4016 22. 22. 2. 

0.002211 0.02 0.08 3. 0.01 0.1 0.3 0.2 0. 1. 1. 5. 2.7000 0.085 0.098 
766.1021 936.6868 0. 0. 30. 21.5526 22. 22. 2. 

0.002211 0.02 0.08 3. 0.01 0.1 0.3 0.2 0. 1. 1. 5. 2.6000 0.082 0.109 
729.6349 900.03737 0. 0. 30. 22.4046 22. 22. 1. 

0.002211 0.02 0.08 3. 0.01 0.1 0.3 0.2 0. 1. 1. 5. 2.8999 0.079 0.106 
756.06186 919.2158 0. 0. 30. 22.3439 22. 22. 1. 

0.002211 0.02 0.08 3. 0.01 0.1 0.3 0.2 0. 1. 1. 5. 2.2000 0.076 0.1 
766.02585 971.9654 0. 0. 30. 22.7368 23. 23. 1. 

0.002211 0.02 0.08 3. 0.01 0.1 0.3 0.2 0. 1. 1. 5. 2.7000 0.078 0.109 
819.07610 927.9509 0. 0. 30. 23.1319 23. 23. 1. 

0.002211 0.02 0.08 3. 0.01 0.1 0.3 0.2 0. 1. 1. 5. 3. 0.081 0.109 790.1191 
894.4944 0. 0. 30. 21.3974 22. 22. 2. 

0.002211 0.02 0.08 3. 0.01 0.1 0.3 0.2 0. 1. 1. 5. 2.3999 0.09 0.098 
798.3902 940.9080 0. 0. 30. 22.2168 23. 23. 2. 

0.002211 0.02 0.08 3. 0.01 0.1 0.3 0.2 0. 1. 1. 5. 2. 0.082 0.101 828.8734 
970.3157 0. 0. 30. 21.5197 22. 22. 2. 

0.002211 0.02 0.08 3. 0.01 0.1 0.3 0.2 0. 1. 1. 5. 3. 0.081 0.091 782.9984 
905.1477 0. 0. 30. 20.6604 21. 21. 2. 

0.002211 0.02 0.08 3. 0.01 0.1 0.3 0.2 0. 1. 1. 5. 2.2000 0.072 0.096 
751.1871 922.007512 0. 0. 30. 20.7818 21. 21. 1. 

0.002211 0.02 0.08 3. 0.01 0.1 0.3 0.2 0. 1. 1. 5. 2.8999 0.079 0.105 
784.8482 945.4297 0. 0. 30. 21.6971 21. 21. 2. 

0.002211 0.02 0.08 3. 0.01 0.1 0.3 0.2 0. 1. 1. 5. 2.1000 0.079 0.097 
774.6960 857.4887 0. 0. 30. 22.1997 22. 22. 2. 

0.002211 0.02 0.08 3. 0.01 0.1 0.3 0.2 0. 1. 1. 5. 2.3999 0.071 0.1 
754.3720 836.04865 0. 0. 30. 22.05114 22. 22. 1. 

0.002211 0.02 0.08 3. 0.01 0.1 0.3 0.2 0. 1. 1. 5. 2.7999 0.084 0.107 
748.1208 856.7712 0. 0. 30. 22.5800 22. 22. 2. 

0.002211 0.02 0.08 3. 0.01 0.1 0.3 0.2 0. 1. 1. 5. 2.5 0.077 0.091 790.1552 
901.1422 0. 0. 30. 20.6686 21. 21. 1. 

0.002211 0.02 0.08 3. 0.01 0.1 0.3 0.2 0. 1. 1. 5. 2.7999 0.077 0.109 
729.2171 948.5253 0. 0. 30. 22.3010 22. 22. 2. 

0.002211 0.02 0.08 3. 0.01 0.1 0.3 0.2 0. 1. 1. 5. 2.7000 0.072 0.108 
733.6999 846.2942 0. 0. 30. 20.1363 21. 21. 2. 

0.002211 0.02 0.08 3. 0.01 0.1 0.3 0.2 0. 1. 1. 5. 2.6000 0.083 0.103 
786.6371 841.3577 0. 0. 30. 23.3887 23. 23. 2. 

0.002211 0.02 0.08 3. 0.01 0.1 0.3 0.2 0. 1. 1. 5. 2.2000 0.081 0.104 
800.4242 895.7825 0. 0. 30. 21.1294 21. 21. 1. 

0.002211 0.02 0.08 3. 0.01 0.1 0.3 0.2 0. 1. 1. 5. 2.7999 0.084 0.097 
837.3319 903.6173 0. 0. 30. 22.7070 23. 23. 1. 

0.002211 0.02 0.08 3. 0.01 0.1 0.3 0.2 0. 1. 1. 5. 2.7999 0.088 0.106 
754.1303 818.6016 0. 0. 30. 22.5416 23. 23. 2. 

0.002211 0.02 0.08 3. 0.01 0.1 0.3 0.2 0. 1. 1. 5. 2.2000 0.076 0.107 
787.7631 912.1373 0. 0. 30. 22.1991 22. 22. 1. 

0.002211 0.02 0.08 3. 0.01 0.1 0.3 0.2 0. 1. 1. 5. 2.7999 0.079 0.099 
766.9479 855.6478 0. 0. 30. 22.8170 22. 22. 2. 

0.002211 0.02 0.08 3. 0.01 0.1 0.3 0.2 0. 1. 1. 5. 2.7000 0.075 0.104 
739.7884 869.3414 0. 0. 30. 21.08504 21. 21. 1. 

0.002211 0.02 0.08 3. 0.01 0.1 0.3 0.2 0. 1. 1. 5. 2.1000 0.086 0.104 
801.1247 898.9784 0. 0. 30. 22.07705 22. 22. 2. 

0.002211 0.02 0.08 3. 0.01 0.1 0.3 0.2 0. 1. 1. 5. 2.2999 0.09 0.091 
756.3023 1021.5188 0. 0. 30. 21.6209 22. 22. 1. 

0.002211 0.02 0.08 3. 0.01 0.1 0.3 0.2 0. 1. 1. 5. 2.8999 0.073 0.097 
787.009252 899.9278 0. 0. 30. 22.3965 22. 22. 2. 

0.002211 0.02 0.08 3. 0.01 0.1 0.3 0.2 0. 1. 1. 5. 2. 0.081 0.091 793.4984 
884.4715 0. 0. 30. 23.08149 23. 23. 1. 

0.002211 0.02 0.08 3. 0.01 0.1 0.3 0.2 0. 1. 1. 5. 2.8999 0.071 0.091 
715.02932 942.4296 0. 0. 30. 22.2962 22. 22. 1. 

0.002211 0.02 0.08 3. 0.01 0.1 0.3 0.2 0. 1. 1. 5. 2.6000 0.071 0.091 
728.4429 947.7443 0. 0. 30. 20.7436 21. 21. 1. 

0.002211 0.02 0.08 3. 0.01 0.1 0.3 0.2 0. 1. 1. 5. 2.1000 0.087 0.104 
779.06960 920.7888 0. 0. 30. 22.1617 22. 22. 1. 

0.002211 0.02 0.08 3. 0.01 0.1 0.3 0.2 0. 1. 1. 5. 2.1000 0.073 0.09 
796.08658 949.05257 0. 0. 30. 21.1566 21. 21. 1. 

0.002211 0.02 0.08 3. 0.01 0.1 0.3 0.2 0. 1. 1. 5. 2.2999 0.085 0.101 
765.4149 872.1294 0. 0. 30. 23.4568 23. 23. 2. 

0.002211 0.02 0.08 3. 0.01 0.1 0.3 0.2 0. 1. 1. 5. 2.3999 0.089 0.095 
774.3332 969.8204 0. 0. 30. 22.4276 22. 22. 1. 

0.002211 0.02 0.08 3. 0.01 0.1 0.3 0.2 0. 1. 1. 5. 2.1000 0.076 0.102 
745.8916 914.3804 0. 0. 30. 23.3016 23. 23. 2. 

0.002211 0.02 0.08 3. 0.01 0.1 0.3 0.2 0. 1. 1. 5. 2.7999 0.075 0.102 
710.2641 901.4204 0. 0. 30. 22.9964 23. 23. 2. 

0.002211 0.02 0.08 3. 0.01 0.1 0.3 0.2 0. 1. 1. 5. 2.2999 0.083 0.108 
770.4422 980.7380 0. 0. 30. 20.7973 21. 21. 1. 

0.002211 0.02 0.08 3. 0.01 0.1 0.3 0.2 0. 1. 1. 5. 2.3999 0.078 0.096 
810.1171 819.1841 0. 0. 30. 21.8064 22. 22. 1. 

0.002211 0.02 0.08 3. 0.01 0.1 0.3 0.2 0. 1. 1. 5. 2.1000 0.082 0.096 
745.3802 905.05648 0. 0. 30. 23.4047 23. 23. 1. 

0.002211 0.02 0.08 3. 0.01 0.1 0.3 0.2 0. 1. 1. 5. 2.1000 0.087 0.106 
809.6928 874.1320 0. 0. 30. 21.6735 22. 22. 1. 

0.002211 0.02 0.08 3. 0.01 0.1 0.3 0.2 0. 1. 1. 5. 2.6000 0.082 0.094 
773.9707 1033.6790 0. 0. 30. 21.8228 22. 22. 2. 

0.002211 0.02 0.08 3. 0.01 0.1 0.3 0.2 0. 1. 1. 5. 2. 0.076 0.106 745.9538 
807.3526 0. 0. 30. 22.2394 22. 22. 1. 

0.002211 0.02 0.08 3. 0.01 0.1 0.3 0.2 0. 1. 1. 5. 2.5 0.086 0.106 730.2308 
823.7710 0. 0. 30. 22.03223 23. 23. 2. 

0.002211 0.02 0.08 3. 0.01 0.1 0.3 0.2 0. 1. 1. 5. 2.8999 0.08 0.101 
778.2181 937.7082 0. 0. 30. 22.5846 23. 23. 1. 

