# power_options = 21
# parameter_sets = 1
# lines = 2
0.00039 0.13 2.024 820 3251 0.04 0.12 0.02 -0.05 1.0 300. 0.02 0.0001 0.0001 30.0 23.0 23.0 23.0 1.0 0.52 0.032 200.0 0.02 0.2 1.0 0.05 0.05 0.0005 -0.0005 0. 0. 0.25 10000 0.0025 1.0

0.00044 0.13 2.024 820 3251 0.04 0.12 0.02 -0.05 1.0 300. 0.02 0.0001 0.0001 30.0 23.0 23.0 23.0 1.0 0.52 0.032 200.0 0.02 0.2 1.0 0.05 0.05 0.0005 -0.0005 0. 0. 0.25 10000 0.0025 1.0

0.0005 0.13 2.024 820 3251 0.04 0.12 0.02 -0.05 1.0 300. 0.02 0.0001 0.0001 30.0 23.0 23.0 23.0 1.0 0.52 0.032 200.0 0.02 0.2 1.0 0.05 0.05 0.0005 -0.0005 0. 0. 0.25 10000 0.0025 1.0

0.00056 0.18 2.638 1231 4877 0.04 0.12 0.02 -0.05 1.0 300. 0.02 0.0001 0.0001 30.0 23.0 23.0 23.0 1.0 0.52 0.032 200.0 0.02 0.2 1.0 0.05 0.05 0.0005 -0.0005 0. 0. 0.25 10000 0.0025 1.0

0.00061 0.18 2.638 1231 4877 0.04 0.12 0.02 -0.05 1.0 300. 0.02 0.0001 0.0001 30.0 23.0 23.0 23.0 1.0 0.52 0.032 200.0 0.02 0.2 1.0 0.05 0.05 0.0005 -0.0005 0. 0. 0.25 10000 0.0025 1.0

0.00067 0.228 3.197 1641 6502 0.04 0.12 0.02 -0.05 1.0 300. 0.02 0.0001 0.0001 30.0 23.0 23.0 23.0 1.0 0.52 0.032 200.0 0.02 0.2 1.0 0.05 0.05 0.0005 -0.0005 0. 0. 0.25 10000 0.0025 1.0

0.00073 0.228 3.197 1641 6502 0.04 0.12 0.02 -0.05 1.0 300. 0.02 0.0001 0.0001 30.0 23.0 23.0 23.0 1.0 0.52 0.032 200.0 0.02 0.2 1.0 0.05 0.05 0.0005 -0.0005 0. 0. 0.25 10000 0.0025 1.0

0.00078 0.275 3.720 2051 8128 0.04 0.12 0.02 -0.05 1.0 300. 0.02 0.0001 0.0001 30.0 23.0 23.0 23.0 1.0 0.52 0.032 200.0 0.02 0.2 1.0 0.05 0.05 0.0005 -0.0005 0. 0. 0.25 10000 0.0025 1.0

0.00084 0.275 3.720 2051 8128 0.04 0.12 0.02 -0.05 1.0 300. 0.02 0.0001 0.0001 30.0 23.0 23.0 23.0 1.0 0.52 0.032 200.0 0.02 0.2 1.0 0.05 0.05 0.0005 -0.0005 0. 0. 0.25 10000 0.0025 1.0

0.00089 0.322 4.219 2461 9753 0.04 0.12 0.02 -0.05 1.0 300. 0.02 0.0001 0.0001 30.0 23.0 23.0 23.0 1.0 0.52 0.032 200.0 0.02 0.2 1.0 0.05 0.05 0.0005 -0.0005 0. 0. 0.25 10000 0.0025 1.0

0.00094 0.368 4.699 2871 11379 0.04 0.12 0.02 -0.05 1.0 300. 0.02 0.0001 0.0001 30.0 23.0 23.0 23.0 1.0 0.52 0.032 200.0 0.02 0.2 1.0 0.05 0.05 0.0005 -0.0005 0. 0. 0.25 10000 0.0025 1.0

0.00100 0.368 4.699 2871 11379 0.04 0.12 0.02 -0.05 1.0 300. 0.02 0.0001 0.0001 30.0 23.0 23.0 23.0 1.0 0.52 0.032 200.0 0.02 0.2 1.0 0.05 0.05 0.0005 -0.0005 0. 0. 0.25 10000 0.0025 1.0

0.00106 0.368 4.699 2871 11379 0.04 0.12 0.02 -0.05 1.0 300. 0.02 0.0001 0.0001 30.0 23.0 23.0 23.0 1.0 0.52 0.032 200.0 0.02 0.2 1.0 0.05 0.05 0.0005 -0.0005 0. 0. 0.25 10000 0.0025 1.0

0.00111 0.413 5.164 3281 13004 0.04 0.12 0.02 -0.05 1.0 300. 0.02 0.0001 0.0001 30.0 23.0 23.0 23.0 1.0 0.52 0.032 200.0 0.02 0.2 1.0 0.05 0.05 0.0005 -0.0005 0. 0. 0.25 10000 0.0025 1.0

0.00117 0.413 5.164 3281 13004 0.04 0.12 0.02 -0.05 1.0 300. 0.02 0.0001 0.0001 30.0 23.0 23.0 23.0 1.0 0.52 0.032 200.0 0.02 0.2 1.0 0.05 0.05 0.0005 -0.0005 0. 0. 0.25 10000 0.0025 1.0

0.00122 0.459 5.616 3692 14630 0.04 0.12 0.02 -0.05 1.0 300. 0.02 0.0001 0.0001 30.0 23.0 23.0 23.0 1.0 0.52 0.032 200.0 0.02 0.2 1.0 0.05 0.05 0.0005 -0.0005 0. 0. 0.25 10000 0.0025 1.0

0.00128 0.459 5.616 3692 14630 0.04 0.12 0.02 -0.05 1.0 300. 0.02 0.0001 0.0001 30.0 23.0 23.0 23.0 1.0 0.52 0.032 200.0 0.02 0.2 1.0 0.05 0.05 0.0005 -0.0005 0. 0. 0.25 10000 0.0025 1.0

0.00133 0.503 6.059 4102 16255 0.04 0.12 0.02 -0.05 1.0 300. 0.02 0.0001 0.0001 30.0 23.0 23.0 23.0 1.0 0.52 0.032 200.0 0.02 0.2 1.0 0.05 0.05 0.0005 -0.0005 0. 0. 0.25 10000 0.0025 1.0

0.00139 0.503 6.059 4102 16255 0.04 0.12 0.02 -0.05 1.0 300. 0.02 0.0001 0.0001 30.0 23.0 23.0 23.0 1.0 0.52 0.032 200.0 0.02 0.2 1.0 0.05 0.05 0.0005 -0.0005 0. 0. 0.25 10000 0.0025 1.0

0.00144 0.548 6.492 4512 17881 0.04 0.12 0.02 -0.05 1.0 300. 0.02 0.0001 0.0001 30.0 23.0 23.0 23.0 1.0 0.52 0.032 200.0 0.02 0.2 1.0 0.05 0.05 0.0005 -0.0005 0. 0. 0.25 10000 0.0025 1.0

0.00150 0.548 6.492 4512 17881 0.04 0.12 0.02 -0.05 1.0 300. 0.02 0.0001 0.0001 30.0 23.0 23.0 23.0 1.0 0.52 0.032 200.0 0.02 0.2 1.0 0.05 0.05 0.0005 -0.0005 0. 0. 0.25 10000 0.0025 1.0
