# power_options = 190
# parameter_sets = 1
# lines = 9
8.10 0.02 0.98 1.02 0.60 -0.44 0.44 0.02
0.00 -99.00 99.00 7.00 2.00 1.00 0.00 0.00
0.00 1.20 1.00 1.00 -99.00 99.00 0.02 0.05
-0.0006 0.0006 20.00 0.00 -99.00 99.00 10.00 7.00
0.00 1.00 -99.00 99.00 5.00 2.00 0.30 0.65
0.88 1.10 1.20 0.30 1.00 4.00 0.00 300.00
1.05 0.917 0.95 0.98 1.02 1.03 299.00 299.00
1.00167 0.99167

3.40 0.02 0.98 1.02 0.60 -0.44 0.44 0.02
0.00 -99.00 99.00 7.00 2.00 1.00 0.00 0.00
0.00 1.20 1.00 1.00 -99.00 99.00 0.02 0.05
-0.0006 0.0006 20.00 0.00 -99.00 99.00 10.00 7.00
0.00 1.00 -99.00 99.00 5.00 2.00 0.30 0.65
0.88 1.10 1.20 0.30 1.00 4.00 0.00 300.00
1.05 0.917 0.95 0.98 1.02 1.03 299.00 299.00
1.00167 0.99167

7.00 0.02 0.98 1.02 0.60 -0.44 0.44 0.02
0.00 -99.00 99.00 7.00 2.00 1.00 0.00 0.00
0.00 1.20 1.00 1.00 -99.00 99.00 0.02 0.05
-0.0006 0.0006 20.00 0.00 -99.00 99.00 10.00 7.00
0.00 1.00 -99.00 99.00 5.00 2.00 0.30 0.65
0.88 1.10 1.20 0.30 1.00 4.00 0.00 300.00
1.05 0.917 0.95 0.98 1.02 1.03 299.00 299.00
1.00167 0.99167

6.40 0.02 0.98 1.02 0.60 -0.44 0.44 0.02
0.00 -99.00 99.00 7.00 2.00 1.00 0.00 0.00
0.00 1.20 1.00 1.00 -99.00 99.00 0.02 0.05
-0.0006 0.0006 20.00 0.00 -99.00 99.00 10.00 7.00
0.00 1.00 -99.00 99.00 5.00 2.00 0.30 0.65
0.88 1.10 1.20 0.30 1.00 4.00 0.00 300.00
1.05 0.917 0.95 0.98 1.02 1.03 299.00 299.00
1.00167 0.99167

4.50 0.02 0.98 1.02 0.60 -0.44 0.44 0.02
0.00 -99.00 99.00 7.00 2.00 1.00 0.00 0.00
0.00 1.20 1.00 1.00 -99.00 99.00 0.02 0.05
-0.0006 0.0006 20.00 0.00 -99.00 99.00 10.00 7.00
0.00 1.00 -99.00 99.00 5.00 2.00 0.30 0.65
0.88 1.10 1.20 0.30 1.00 4.00 0.00 300.00
1.05 0.917 0.95 0.98 1.02 1.03 299.00 299.00
1.00167 0.99167

5.50 0.02 0.98 1.02 0.60 -0.44 0.44 0.02
0.00 -99.00 99.00 7.00 2.00 1.00 0.00 0.00
0.00 1.20 1.00 1.00 -99.00 99.00 0.02 0.05
-0.0006 0.0006 20.00 0.00 -99.00 99.00 10.00 7.00
0.00 1.00 -99.00 99.00 5.00 2.00 0.30 0.65
0.88 1.10 1.20 0.30 1.00 4.00 0.00 300.00
1.05 0.917 0.95 0.98 1.02 1.03 299.00 299.00
1.00167 0.99167

6.40 0.02 0.98 1.02 0.60 -0.44 0.44 0.02
0.00 -99.00 99.00 7.00 2.00 1.00 0.00 0.00
0.00 1.20 1.00 1.00 -99.00 99.00 0.02 0.05
-0.0006 0.0006 20.00 0.00 -99.00 99.00 10.00 7.00
0.00 1.00 -99.00 99.00 5.00 2.00 0.30 0.65
0.88 1.10 1.20 0.30 1.00 4.00 0.00 300.00
1.05 0.917 0.95 0.98 1.02 1.03 299.00 299.00
1.00167 0.99167

10.10 0.02 0.98 1.02 0.60 -0.44 0.44 0.02
0.00 -99.00 99.00 7.00 2.00 1.00 0.00 0.00
0.00 1.20 1.00 1.00 -99.00 99.00 0.02 0.05
-0.0006 0.0006 20.00 0.00 -99.00 99.00 10.00 7.00
0.00 1.00 -99.00 99.00 5.00 2.00 0.30 0.65
0.88 1.10 1.20 0.30 1.00 4.00 0.00 300.00
1.05 0.917 0.95 0.98 1.02 1.03 299.00 299.00
1.00167 0.99167

9.20 0.02 0.98 1.02 0.60 -0.44 0.44 0.02
0.00 -99.00 99.00 7.00 2.00 1.00 0.00 0.00
0.00 1.20 1.00 1.00 -99.00 99.00 0.02 0.05
-0.0006 0.0006 20.00 0.00 -99.00 99.00 10.00 7.00
0.00 1.00 -99.00 99.00 5.00 2.00 0.30 0.65
0.88 1.10 1.20 0.30 1.00 4.00 0.00 300.00
1.05 0.917 0.95 0.98 1.02 1.03 299.00 299.00
1.00167 0.99167

4.50 0.02 0.98 1.02 0.60 -0.44 0.44 0.02
0.00 -99.00 99.00 7.00 2.00 1.00 0.00 0.00
0.00 1.20 1.00 1.00 -99.00 99.00 0.02 0.05
-0.0006 0.0006 20.00 0.00 -99.00 99.00 10.00 7.00
0.00 1.00 -99.00 99.00 5.00 2.00 0.30 0.65
0.88 1.10 1.20 0.30 1.00 4.00 0.00 300.00
1.05 0.917 0.95 0.98 1.02 1.03 299.00 299.00
1.00167 0.99167

9.50 0.02 0.98 1.02 0.60 -0.44 0.44 0.02
0.00 -99.00 99.00 7.00 2.00 1.00 0.00 0.00
0.00 1.20 1.00 1.00 -99.00 99.00 0.02 0.05
-0.0006 0.0006 20.00 0.00 -99.00 99.00 10.00 7.00
0.00 1.00 -99.00 99.00 5.00 2.00 0.30 0.65
0.88 1.10 1.20 0.30 1.00 4.00 0.00 300.00
1.05 0.917 0.95 0.98 1.02 1.03 299.00 299.00
1.00167 0.99167

6.80 0.02 0.98 1.02 0.60 -0.44 0.44 0.02
0.00 -99.00 99.00 7.00 2.00 1.00 0.00 0.00
0.00 1.20 1.00 1.00 -99.00 99.00 0.02 0.05
-0.0006 0.0006 20.00 0.00 -99.00 99.00 10.00 7.00
0.00 1.00 -99.00 99.00 5.00 2.00 0.30 0.65
0.88 1.10 1.20 0.30 1.00 4.00 0.00 300.00
1.05 0.917 0.95 0.98 1.02 1.03 299.00 299.00
1.00167 0.99167

5.90 0.02 0.98 1.02 0.60 -0.44 0.44 0.02
0.00 -99.00 99.00 7.00 2.00 1.00 0.00 0.00
0.00 1.20 1.00 1.00 -99.00 99.00 0.02 0.05
-0.0006 0.0006 20.00 0.00 -99.00 99.00 10.00 7.00
0.00 1.00 -99.00 99.00 5.00 2.00 0.30 0.65
0.88 1.10 1.20 0.30 1.00 4.00 0.00 300.00
1.05 0.917 0.95 0.98 1.02 1.03 299.00 299.00
1.00167 0.99167

6.80 0.02 0.98 1.02 0.60 -0.44 0.44 0.02
0.00 -99.00 99.00 7.00 2.00 1.00 0.00 0.00
0.00 1.20 1.00 1.00 -99.00 99.00 0.02 0.05
-0.0006 0.0006 20.00 0.00 -99.00 99.00 10.00 7.00
0.00 1.00 -99.00 99.00 5.00 2.00 0.30 0.65
0.88 1.10 1.20 0.30 1.00 4.00 0.00 300.00
1.05 0.917 0.95 0.98 1.02 1.03 299.00 299.00
1.00167 0.99167

5.80 0.02 0.98 1.02 0.60 -0.44 0.44 0.02
0.00 -99.00 99.00 7.00 2.00 1.00 0.00 0.00
0.00 1.20 1.00 1.00 -99.00 99.00 0.02 0.05
-0.0006 0.0006 20.00 0.00 -99.00 99.00 10.00 7.00
0.00 1.00 -99.00 99.00 5.00 2.00 0.30 0.65
0.88 1.10 1.20 0.30 1.00 4.00 0.00 300.00
1.05 0.917 0.95 0.98 1.02 1.03 299.00 299.00
1.00167 0.99167

5.90 0.02 0.98 1.02 0.60 -0.44 0.44 0.02
0.00 -99.00 99.00 7.00 2.00 1.00 0.00 0.00
0.00 1.20 1.00 1.00 -99.00 99.00 0.02 0.05
-0.0006 0.0006 20.00 0.00 -99.00 99.00 10.00 7.00
0.00 1.00 -99.00 99.00 5.00 2.00 0.30 0.65
0.88 1.10 1.20 0.30 1.00 4.00 0.00 300.00
1.05 0.917 0.95 0.98 1.02 1.03 299.00 299.00
1.00167 0.99167

7.70 0.02 0.98 1.02 0.60 -0.44 0.44 0.02
0.00 -99.00 99.00 7.00 2.00 1.00 0.00 0.00
0.00 1.20 1.00 1.00 -99.00 99.00 0.02 0.05
-0.0006 0.0006 20.00 0.00 -99.00 99.00 10.00 7.00
0.00 1.00 -99.00 99.00 5.00 2.00 0.30 0.65
0.88 1.10 1.20 0.30 1.00 4.00 0.00 300.00
1.05 0.917 0.95 0.98 1.02 1.03 299.00 299.00
1.00167 0.99167

7.60 0.02 0.98 1.02 0.60 -0.44 0.44 0.02
0.00 -99.00 99.00 7.00 2.00 1.00 0.00 0.00
0.00 1.20 1.00 1.00 -99.00 99.00 0.02 0.05
-0.0006 0.0006 20.00 0.00 -99.00 99.00 10.00 7.00
0.00 1.00 -99.00 99.00 5.00 2.00 0.30 0.65
0.88 1.10 1.20 0.30 1.00 4.00 0.00 300.00
1.05 0.917 0.95 0.98 1.02 1.03 299.00 299.00
1.00167 0.99167

7.60 0.02 0.98 1.02 0.60 -0.44 0.44 0.02
0.00 -99.00 99.00 7.00 2.00 1.00 0.00 0.00
0.00 1.20 1.00 1.00 -99.00 99.00 0.02 0.05
-0.0006 0.0006 20.00 0.00 -99.00 99.00 10.00 7.00
0.00 1.00 -99.00 99.00 5.00 2.00 0.30 0.65
0.88 1.10 1.20 0.30 1.00 4.00 0.00 300.00
1.05 0.917 0.95 0.98 1.02 1.03 299.00 299.00
1.00167 0.99167

6.80 0.02 0.98 1.02 0.60 -0.44 0.44 0.02
0.00 -99.00 99.00 7.00 2.00 1.00 0.00 0.00
0.00 1.20 1.00 1.00 -99.00 99.00 0.02 0.05
-0.0006 0.0006 20.00 0.00 -99.00 99.00 10.00 7.00
0.00 1.00 -99.00 99.00 5.00 2.00 0.30 0.65
0.88 1.10 1.20 0.30 1.00 4.00 0.00 300.00
1.05 0.917 0.95 0.98 1.02 1.03 299.00 299.00
1.00167 0.99167

4.60 0.02 0.98 1.02 0.60 -0.44 0.44 0.02
0.00 -99.00 99.00 7.00 2.00 1.00 0.00 0.00
0.00 1.20 1.00 1.00 -99.00 99.00 0.02 0.05
-0.0006 0.0006 20.00 0.00 -99.00 99.00 10.00 7.00
0.00 1.00 -99.00 99.00 5.00 2.00 0.30 0.65
0.88 1.10 1.20 0.30 1.00 4.00 0.00 300.00
1.05 0.917 0.95 0.98 1.02 1.03 299.00 299.00
1.00167 0.99167

6.80 0.02 0.98 1.02 0.60 -0.44 0.44 0.02
0.00 -99.00 99.00 7.00 2.00 1.00 0.00 0.00
0.00 1.20 1.00 1.00 -99.00 99.00 0.02 0.05
-0.0006 0.0006 20.00 0.00 -99.00 99.00 10.00 7.00
0.00 1.00 -99.00 99.00 5.00 2.00 0.30 0.65
0.88 1.10 1.20 0.30 1.00 4.00 0.00 300.00
1.05 0.917 0.95 0.98 1.02 1.03 299.00 299.00
1.00167 0.99167

7.90 0.02 0.98 1.02 0.60 -0.44 0.44 0.02
0.00 -99.00 99.00 7.00 2.00 1.00 0.00 0.00
0.00 1.20 1.00 1.00 -99.00 99.00 0.02 0.05
-0.0006 0.0006 20.00 0.00 -99.00 99.00 10.00 7.00
0.00 1.00 -99.00 99.00 5.00 2.00 0.30 0.65
0.88 1.10 1.20 0.30 1.00 4.00 0.00 300.00
1.05 0.917 0.95 0.98 1.02 1.03 299.00 299.00
1.00167 0.99167

6.60 0.02 0.98 1.02 0.60 -0.44 0.44 0.02
0.00 -99.00 99.00 7.00 2.00 1.00 0.00 0.00
0.00 1.20 1.00 1.00 -99.00 99.00 0.02 0.05
-0.0006 0.0006 20.00 0.00 -99.00 99.00 10.00 7.00
0.00 1.00 -99.00 99.00 5.00 2.00 0.30 0.65
0.88 1.10 1.20 0.30 1.00 4.00 0.00 300.00
1.05 0.917 0.95 0.98 1.02 1.03 299.00 299.00
1.00167 0.99167

7.20 0.02 0.98 1.02 0.60 -0.44 0.44 0.02
0.00 -99.00 99.00 7.00 2.00 1.00 0.00 0.00
0.00 1.20 1.00 1.00 -99.00 99.00 0.02 0.05
-0.0006 0.0006 20.00 0.00 -99.00 99.00 10.00 7.00
0.00 1.00 -99.00 99.00 5.00 2.00 0.30 0.65
0.88 1.10 1.20 0.30 1.00 4.00 0.00 300.00
1.05 0.917 0.95 0.98 1.02 1.03 299.00 299.00
1.00167 0.99167

6.80 0.02 0.98 1.02 0.60 -0.44 0.44 0.02
0.00 -99.00 99.00 7.00 2.00 1.00 0.00 0.00
0.00 1.20 1.00 1.00 -99.00 99.00 0.02 0.05
-0.0006 0.0006 20.00 0.00 -99.00 99.00 10.00 7.00
0.00 1.00 -99.00 99.00 5.00 2.00 0.30 0.65
0.88 1.10 1.20 0.30 1.00 4.00 0.00 300.00
1.05 0.917 0.95 0.98 1.02 1.03 299.00 299.00
1.00167 0.99167

5.70 0.02 0.98 1.02 0.60 -0.44 0.44 0.02
0.00 -99.00 99.00 7.00 2.00 1.00 0.00 0.00
0.00 1.20 1.00 1.00 -99.00 99.00 0.02 0.05
-0.0006 0.0006 20.00 0.00 -99.00 99.00 10.00 7.00
0.00 1.00 -99.00 99.00 5.00 2.00 0.30 0.65
0.88 1.10 1.20 0.30 1.00 4.00 0.00 300.00
1.05 0.917 0.95 0.98 1.02 1.03 299.00 299.00
1.00167 0.99167

6.30 0.02 0.98 1.02 0.60 -0.44 0.44 0.02
0.00 -99.00 99.00 7.00 2.00 1.00 0.00 0.00
0.00 1.20 1.00 1.00 -99.00 99.00 0.02 0.05
-0.0006 0.0006 20.00 0.00 -99.00 99.00 10.00 7.00
0.00 1.00 -99.00 99.00 5.00 2.00 0.30 0.65
0.88 1.10 1.20 0.30 1.00 4.00 0.00 300.00
1.05 0.917 0.95 0.98 1.02 1.03 299.00 299.00
1.00167 0.99167

5.10 0.02 0.98 1.02 0.60 -0.44 0.44 0.02
0.00 -99.00 99.00 7.00 2.00 1.00 0.00 0.00
0.00 1.20 1.00 1.00 -99.00 99.00 0.02 0.05
-0.0006 0.0006 20.00 0.00 -99.00 99.00 10.00 7.00
0.00 1.00 -99.00 99.00 5.00 2.00 0.30 0.65
0.88 1.10 1.20 0.30 1.00 4.00 0.00 300.00
1.05 0.917 0.95 0.98 1.02 1.03 299.00 299.00
1.00167 0.99167

7.00 0.02 0.98 1.02 0.60 -0.44 0.44 0.02
0.00 -99.00 99.00 7.00 2.00 1.00 0.00 0.00
0.00 1.20 1.00 1.00 -99.00 99.00 0.02 0.05
-0.0006 0.0006 20.00 0.00 -99.00 99.00 10.00 7.00
0.00 1.00 -99.00 99.00 5.00 2.00 0.30 0.65
0.88 1.10 1.20 0.30 1.00 4.00 0.00 300.00
1.05 0.917 0.95 0.98 1.02 1.03 299.00 299.00
1.00167 0.99167

4.70 0.02 0.98 1.02 0.60 -0.44 0.44 0.02
0.00 -99.00 99.00 7.00 2.00 1.00 0.00 0.00
0.00 1.20 1.00 1.00 -99.00 99.00 0.02 0.05
-0.0006 0.0006 20.00 0.00 -99.00 99.00 10.00 7.00
0.00 1.00 -99.00 99.00 5.00 2.00 0.30 0.65
0.88 1.10 1.20 0.30 1.00 4.00 0.00 300.00
1.05 0.917 0.95 0.98 1.02 1.03 299.00 299.00
1.00167 0.99167

4.80 0.02 0.98 1.02 0.60 -0.44 0.44 0.02
0.00 -99.00 99.00 7.00 2.00 1.00 0.00 0.00
0.00 1.20 1.00 1.00 -99.00 99.00 0.02 0.05
-0.0006 0.0006 20.00 0.00 -99.00 99.00 10.00 7.00
0.00 1.00 -99.00 99.00 5.00 2.00 0.30 0.65
0.88 1.10 1.20 0.30 1.00 4.00 0.00 300.00
1.05 0.917 0.95 0.98 1.02 1.03 299.00 299.00
1.00167 0.99167

5.10 0.02 0.98 1.02 0.60 -0.44 0.44 0.02
0.00 -99.00 99.00 7.00 2.00 1.00 0.00 0.00
0.00 1.20 1.00 1.00 -99.00 99.00 0.02 0.05
-0.0006 0.0006 20.00 0.00 -99.00 99.00 10.00 7.00
0.00 1.00 -99.00 99.00 5.00 2.00 0.30 0.65
0.88 1.10 1.20 0.30 1.00 4.00 0.00 300.00
1.05 0.917 0.95 0.98 1.02 1.03 299.00 299.00
1.00167 0.99167

2.60 0.02 0.98 1.02 0.60 -0.44 0.44 0.02
0.00 -99.00 99.00 7.00 2.00 1.00 0.00 0.00
0.00 1.20 1.00 1.00 -99.00 99.00 0.02 0.05
-0.0006 0.0006 20.00 0.00 -99.00 99.00 10.00 7.00
0.00 1.00 -99.00 99.00 5.00 2.00 0.30 0.65
0.88 1.10 1.20 0.30 1.00 4.00 0.00 300.00
1.05 0.917 0.95 0.98 1.02 1.03 299.00 299.00
1.00167 0.99167

7.60 0.02 0.98 1.02 0.60 -0.44 0.44 0.02
0.00 -99.00 99.00 7.00 2.00 1.00 0.00 0.00
0.00 1.20 1.00 1.00 -99.00 99.00 0.02 0.05
-0.0006 0.0006 20.00 0.00 -99.00 99.00 10.00 7.00
0.00 1.00 -99.00 99.00 5.00 2.00 0.30 0.65
0.88 1.10 1.20 0.30 1.00 4.00 0.00 300.00
1.05 0.917 0.95 0.98 1.02 1.03 299.00 299.00
1.00167 0.99167

6.40 0.02 0.98 1.02 0.60 -0.44 0.44 0.02
0.00 -99.00 99.00 7.00 2.00 1.00 0.00 0.00
0.00 1.20 1.00 1.00 -99.00 99.00 0.02 0.05
-0.0006 0.0006 20.00 0.00 -99.00 99.00 10.00 7.00
0.00 1.00 -99.00 99.00 5.00 2.00 0.30 0.65
0.88 1.10 1.20 0.30 1.00 4.00 0.00 300.00
1.05 0.917 0.95 0.98 1.02 1.03 299.00 299.00
1.00167 0.99167

5.10 0.02 0.98 1.02 0.60 -0.44 0.44 0.02
0.00 -99.00 99.00 7.00 2.00 1.00 0.00 0.00
0.00 1.20 1.00 1.00 -99.00 99.00 0.02 0.05
-0.0006 0.0006 20.00 0.00 -99.00 99.00 10.00 7.00
0.00 1.00 -99.00 99.00 5.00 2.00 0.30 0.65
0.88 1.10 1.20 0.30 1.00 4.00 0.00 300.00
1.05 0.917 0.95 0.98 1.02 1.03 299.00 299.00
1.00167 0.99167

7.60 0.02 0.98 1.02 0.60 -0.44 0.44 0.02
0.00 -99.00 99.00 7.00 2.00 1.00 0.00 0.00
0.00 1.20 1.00 1.00 -99.00 99.00 0.02 0.05
-0.0006 0.0006 20.00 0.00 -99.00 99.00 10.00 7.00
0.00 1.00 -99.00 99.00 5.00 2.00 0.30 0.65
0.88 1.10 1.20 0.30 1.00 4.00 0.00 300.00
1.05 0.917 0.95 0.98 1.02 1.03 299.00 299.00
1.00167 0.99167

4.00 0.02 0.98 1.02 0.60 -0.44 0.44 0.02
0.00 -99.00 99.00 7.00 2.00 1.00 0.00 0.00
0.00 1.20 1.00 1.00 -99.00 99.00 0.02 0.05
-0.0006 0.0006 20.00 0.00 -99.00 99.00 10.00 7.00
0.00 1.00 -99.00 99.00 5.00 2.00 0.30 0.65
0.88 1.10 1.20 0.30 1.00 4.00 0.00 300.00
1.05 0.917 0.95 0.98 1.02 1.03 299.00 299.00
1.00167 0.99167

5.90 0.02 0.98 1.02 0.60 -0.44 0.44 0.02
0.00 -99.00 99.00 7.00 2.00 1.00 0.00 0.00
0.00 1.20 1.00 1.00 -99.00 99.00 0.02 0.05
-0.0006 0.0006 20.00 0.00 -99.00 99.00 10.00 7.00
0.00 1.00 -99.00 99.00 5.00 2.00 0.30 0.65
0.88 1.10 1.20 0.30 1.00 4.00 0.00 300.00
1.05 0.917 0.95 0.98 1.02 1.03 299.00 299.00
1.00167 0.99167

5.70 0.02 0.98 1.02 0.60 -0.44 0.44 0.02
0.00 -99.00 99.00 7.00 2.00 1.00 0.00 0.00
0.00 1.20 1.00 1.00 -99.00 99.00 0.02 0.05
-0.0006 0.0006 20.00 0.00 -99.00 99.00 10.00 7.00
0.00 1.00 -99.00 99.00 5.00 2.00 0.30 0.65
0.88 1.10 1.20 0.30 1.00 4.00 0.00 300.00
1.05 0.917 0.95 0.98 1.02 1.03 299.00 299.00
1.00167 0.99167

6.40 0.02 0.98 1.02 0.60 -0.44 0.44 0.02
0.00 -99.00 99.00 7.00 2.00 1.00 0.00 0.00
0.00 1.20 1.00 1.00 -99.00 99.00 0.02 0.05
-0.0006 0.0006 20.00 0.00 -99.00 99.00 10.00 7.00
0.00 1.00 -99.00 99.00 5.00 2.00 0.30 0.65
0.88 1.10 1.20 0.30 1.00 4.00 0.00 300.00
1.05 0.917 0.95 0.98 1.02 1.03 299.00 299.00
1.00167 0.99167

6.40 0.02 0.98 1.02 0.60 -0.44 0.44 0.02
0.00 -99.00 99.00 7.00 2.00 1.00 0.00 0.00
0.00 1.20 1.00 1.00 -99.00 99.00 0.02 0.05
-0.0006 0.0006 20.00 0.00 -99.00 99.00 10.00 7.00
0.00 1.00 -99.00 99.00 5.00 2.00 0.30 0.65
0.88 1.10 1.20 0.30 1.00 4.00 0.00 300.00
1.05 0.917 0.95 0.98 1.02 1.03 299.00 299.00
1.00167 0.99167

5.00 0.02 0.98 1.02 0.60 -0.44 0.44 0.02
0.00 -99.00 99.00 7.00 2.00 1.00 0.00 0.00
0.00 1.20 1.00 1.00 -99.00 99.00 0.02 0.05
-0.0006 0.0006 20.00 0.00 -99.00 99.00 10.00 7.00
0.00 1.00 -99.00 99.00 5.00 2.00 0.30 0.65
0.88 1.10 1.20 0.30 1.00 4.00 0.00 300.00
1.05 0.917 0.95 0.98 1.02 1.03 299.00 299.00
1.00167 0.99167

6.00 0.02 0.98 1.02 0.60 -0.44 0.44 0.02
0.00 -99.00 99.00 7.00 2.00 1.00 0.00 0.00
0.00 1.20 1.00 1.00 -99.00 99.00 0.02 0.05
-0.0006 0.0006 20.00 0.00 -99.00 99.00 10.00 7.00
0.00 1.00 -99.00 99.00 5.00 2.00 0.30 0.65
0.88 1.10 1.20 0.30 1.00 4.00 0.00 300.00
1.05 0.917 0.95 0.98 1.02 1.03 299.00 299.00
1.00167 0.99167

5.80 0.02 0.98 1.02 0.60 -0.44 0.44 0.02
0.00 -99.00 99.00 7.00 2.00 1.00 0.00 0.00
0.00 1.20 1.00 1.00 -99.00 99.00 0.02 0.05
-0.0006 0.0006 20.00 0.00 -99.00 99.00 10.00 7.00
0.00 1.00 -99.00 99.00 5.00 2.00 0.30 0.65
0.88 1.10 1.20 0.30 1.00 4.00 0.00 300.00
1.05 0.917 0.95 0.98 1.02 1.03 299.00 299.00
1.00167 0.99167

6.70 0.02 0.98 1.02 0.60 -0.44 0.44 0.02
0.00 -99.00 99.00 7.00 2.00 1.00 0.00 0.00
0.00 1.20 1.00 1.00 -99.00 99.00 0.02 0.05
-0.0006 0.0006 20.00 0.00 -99.00 99.00 10.00 7.00
0.00 1.00 -99.00 99.00 5.00 2.00 0.30 0.65
0.88 1.10 1.20 0.30 1.00 4.00 0.00 300.00
1.05 0.917 0.95 0.98 1.02 1.03 299.00 299.00
1.00167 0.99167

7.20 0.02 0.98 1.02 0.60 -0.44 0.44 0.02
0.00 -99.00 99.00 7.00 2.00 1.00 0.00 0.00
0.00 1.20 1.00 1.00 -99.00 99.00 0.02 0.05
-0.0006 0.0006 20.00 0.00 -99.00 99.00 10.00 7.00
0.00 1.00 -99.00 99.00 5.00 2.00 0.30 0.65
0.88 1.10 1.20 0.30 1.00 4.00 0.00 300.00
1.05 0.917 0.95 0.98 1.02 1.03 299.00 299.00
1.00167 0.99167

7.30 0.02 0.98 1.02 0.60 -0.44 0.44 0.02
0.00 -99.00 99.00 7.00 2.00 1.00 0.00 0.00
0.00 1.20 1.00 1.00 -99.00 99.00 0.02 0.05
-0.0006 0.0006 20.00 0.00 -99.00 99.00 10.00 7.00
0.00 1.00 -99.00 99.00 5.00 2.00 0.30 0.65
0.88 1.10 1.20 0.30 1.00 4.00 0.00 300.00
1.05 0.917 0.95 0.98 1.02 1.03 299.00 299.00
1.00167 0.99167

5.00 0.02 0.98 1.02 0.60 -0.44 0.44 0.02
0.00 -99.00 99.00 7.00 2.00 1.00 0.00 0.00
0.00 1.20 1.00 1.00 -99.00 99.00 0.02 0.05
-0.0006 0.0006 20.00 0.00 -99.00 99.00 10.00 7.00
0.00 1.00 -99.00 99.00 5.00 2.00 0.30 0.65
0.88 1.10 1.20 0.30 1.00 4.00 0.00 300.00
1.05 0.917 0.95 0.98 1.02 1.03 299.00 299.00
1.00167 0.99167

6.10 0.02 0.98 1.02 0.60 -0.44 0.44 0.02
0.00 -99.00 99.00 7.00 2.00 1.00 0.00 0.00
0.00 1.20 1.00 1.00 -99.00 99.00 0.02 0.05
-0.0006 0.0006 20.00 0.00 -99.00 99.00 10.00 7.00
0.00 1.00 -99.00 99.00 5.00 2.00 0.30 0.65
0.88 1.10 1.20 0.30 1.00 4.00 0.00 300.00
1.05 0.917 0.95 0.98 1.02 1.03 299.00 299.00
1.00167 0.99167

4.60 0.02 0.98 1.02 0.60 -0.44 0.44 0.02
0.00 -99.00 99.00 7.00 2.00 1.00 0.00 0.00
0.00 1.20 1.00 1.00 -99.00 99.00 0.02 0.05
-0.0006 0.0006 20.00 0.00 -99.00 99.00 10.00 7.00
0.00 1.00 -99.00 99.00 5.00 2.00 0.30 0.65
0.88 1.10 1.20 0.30 1.00 4.00 0.00 300.00
1.05 0.917 0.95 0.98 1.02 1.03 299.00 299.00
1.00167 0.99167

4.70 0.02 0.98 1.02 0.60 -0.44 0.44 0.02
0.00 -99.00 99.00 7.00 2.00 1.00 0.00 0.00
0.00 1.20 1.00 1.00 -99.00 99.00 0.02 0.05
-0.0006 0.0006 20.00 0.00 -99.00 99.00 10.00 7.00
0.00 1.00 -99.00 99.00 5.00 2.00 0.30 0.65
0.88 1.10 1.20 0.30 1.00 4.00 0.00 300.00
1.05 0.917 0.95 0.98 1.02 1.03 299.00 299.00
1.00167 0.99167

6.00 0.02 0.98 1.02 0.60 -0.44 0.44 0.02
0.00 -99.00 99.00 7.00 2.00 1.00 0.00 0.00
0.00 1.20 1.00 1.00 -99.00 99.00 0.02 0.05
-0.0006 0.0006 20.00 0.00 -99.00 99.00 10.00 7.00
0.00 1.00 -99.00 99.00 5.00 2.00 0.30 0.65
0.88 1.10 1.20 0.30 1.00 4.00 0.00 300.00
1.05 0.917 0.95 0.98 1.02 1.03 299.00 299.00
1.00167 0.99167

7.70 0.02 0.98 1.02 0.60 -0.44 0.44 0.02
0.00 -99.00 99.00 7.00 2.00 1.00 0.00 0.00
0.00 1.20 1.00 1.00 -99.00 99.00 0.02 0.05
-0.0006 0.0006 20.00 0.00 -99.00 99.00 10.00 7.00
0.00 1.00 -99.00 99.00 5.00 2.00 0.30 0.65
0.88 1.10 1.20 0.30 1.00 4.00 0.00 300.00
1.05 0.917 0.95 0.98 1.02 1.03 299.00 299.00
1.00167 0.99167

5.10 0.02 0.98 1.02 0.60 -0.44 0.44 0.02
0.00 -99.00 99.00 7.00 2.00 1.00 0.00 0.00
0.00 1.20 1.00 1.00 -99.00 99.00 0.02 0.05
-0.0006 0.0006 20.00 0.00 -99.00 99.00 10.00 7.00
0.00 1.00 -99.00 99.00 5.00 2.00 0.30 0.65
0.88 1.10 1.20 0.30 1.00 4.00 0.00 300.00
1.05 0.917 0.95 0.98 1.02 1.03 299.00 299.00
1.00167 0.99167

6.40 0.02 0.98 1.02 0.60 -0.44 0.44 0.02
0.00 -99.00 99.00 7.00 2.00 1.00 0.00 0.00
0.00 1.20 1.00 1.00 -99.00 99.00 0.02 0.05
-0.0006 0.0006 20.00 0.00 -99.00 99.00 10.00 7.00
0.00 1.00 -99.00 99.00 5.00 2.00 0.30 0.65
0.88 1.10 1.20 0.30 1.00 4.00 0.00 300.00
1.05 0.917 0.95 0.98 1.02 1.03 299.00 299.00
1.00167 0.99167

5.70 0.02 0.98 1.02 0.60 -0.44 0.44 0.02
0.00 -99.00 99.00 7.00 2.00 1.00 0.00 0.00
0.00 1.20 1.00 1.00 -99.00 99.00 0.02 0.05
-0.0006 0.0006 20.00 0.00 -99.00 99.00 10.00 7.00
0.00 1.00 -99.00 99.00 5.00 2.00 0.30 0.65
0.88 1.10 1.20 0.30 1.00 4.00 0.00 300.00
1.05 0.917 0.95 0.98 1.02 1.03 299.00 299.00
1.00167 0.99167

7.30 0.02 0.98 1.02 0.60 -0.44 0.44 0.02
0.00 -99.00 99.00 7.00 2.00 1.00 0.00 0.00
0.00 1.20 1.00 1.00 -99.00 99.00 0.02 0.05
-0.0006 0.0006 20.00 0.00 -99.00 99.00 10.00 7.00
0.00 1.00 -99.00 99.00 5.00 2.00 0.30 0.65
0.88 1.10 1.20 0.30 1.00 4.00 0.00 300.00
1.05 0.917 0.95 0.98 1.02 1.03 299.00 299.00
1.00167 0.99167

4.80 0.02 0.98 1.02 0.60 -0.44 0.44 0.02
0.00 -99.00 99.00 7.00 2.00 1.00 0.00 0.00
0.00 1.20 1.00 1.00 -99.00 99.00 0.02 0.05
-0.0006 0.0006 20.00 0.00 -99.00 99.00 10.00 7.00
0.00 1.00 -99.00 99.00 5.00 2.00 0.30 0.65
0.88 1.10 1.20 0.30 1.00 4.00 0.00 300.00
1.05 0.917 0.95 0.98 1.02 1.03 299.00 299.00
1.00167 0.99167

6.00 0.02 0.98 1.02 0.60 -0.44 0.44 0.02
0.00 -99.00 99.00 7.00 2.00 1.00 0.00 0.00
0.00 1.20 1.00 1.00 -99.00 99.00 0.02 0.05
-0.0006 0.0006 20.00 0.00 -99.00 99.00 10.00 7.00
0.00 1.00 -99.00 99.00 5.00 2.00 0.30 0.65
0.88 1.10 1.20 0.30 1.00 4.00 0.00 300.00
1.05 0.917 0.95 0.98 1.02 1.03 299.00 299.00
1.00167 0.99167

6.60 0.02 0.98 1.02 0.60 -0.44 0.44 0.02
0.00 -99.00 99.00 7.00 2.00 1.00 0.00 0.00
0.00 1.20 1.00 1.00 -99.00 99.00 0.02 0.05
-0.0006 0.0006 20.00 0.00 -99.00 99.00 10.00 7.00
0.00 1.00 -99.00 99.00 5.00 2.00 0.30 0.65
0.88 1.10 1.20 0.30 1.00 4.00 0.00 300.00
1.05 0.917 0.95 0.98 1.02 1.03 299.00 299.00
1.00167 0.99167

7.30 0.02 0.98 1.02 0.60 -0.44 0.44 0.02
0.00 -99.00 99.00 7.00 2.00 1.00 0.00 0.00
0.00 1.20 1.00 1.00 -99.00 99.00 0.02 0.05
-0.0006 0.0006 20.00 0.00 -99.00 99.00 10.00 7.00
0.00 1.00 -99.00 99.00 5.00 2.00 0.30 0.65
0.88 1.10 1.20 0.30 1.00 4.00 0.00 300.00
1.05 0.917 0.95 0.98 1.02 1.03 299.00 299.00
1.00167 0.99167

7.80 0.02 0.98 1.02 0.60 -0.44 0.44 0.02
0.00 -99.00 99.00 7.00 2.00 1.00 0.00 0.00
0.00 1.20 1.00 1.00 -99.00 99.00 0.02 0.05
-0.0006 0.0006 20.00 0.00 -99.00 99.00 10.00 7.00
0.00 1.00 -99.00 99.00 5.00 2.00 0.30 0.65
0.88 1.10 1.20 0.30 1.00 4.00 0.00 300.00
1.05 0.917 0.95 0.98 1.02 1.03 299.00 299.00
1.00167 0.99167

6.10 0.02 0.98 1.02 0.60 -0.44 0.44 0.02
0.00 -99.00 99.00 7.00 2.00 1.00 0.00 0.00
0.00 1.20 1.00 1.00 -99.00 99.00 0.02 0.05
-0.0006 0.0006 20.00 0.00 -99.00 99.00 10.00 7.00
0.00 1.00 -99.00 99.00 5.00 2.00 0.30 0.65
0.88 1.10 1.20 0.30 1.00 4.00 0.00 300.00
1.05 0.917 0.95 0.98 1.02 1.03 299.00 299.00
1.00167 0.99167

4.30 0.02 0.98 1.02 0.60 -0.44 0.44 0.02
0.00 -99.00 99.00 7.00 2.00 1.00 0.00 0.00
0.00 1.20 1.00 1.00 -99.00 99.00 0.02 0.05
-0.0006 0.0006 20.00 0.00 -99.00 99.00 10.00 7.00
0.00 1.00 -99.00 99.00 5.00 2.00 0.30 0.65
0.88 1.10 1.20 0.30 1.00 4.00 0.00 300.00
1.05 0.917 0.95 0.98 1.02 1.03 299.00 299.00
1.00167 0.99167

5.20 0.02 0.98 1.02 0.60 -0.44 0.44 0.02
0.00 -99.00 99.00 7.00 2.00 1.00 0.00 0.00
0.00 1.20 1.00 1.00 -99.00 99.00 0.02 0.05
-0.0006 0.0006 20.00 0.00 -99.00 99.00 10.00 7.00
0.00 1.00 -99.00 99.00 5.00 2.00 0.30 0.65
0.88 1.10 1.20 0.30 1.00 4.00 0.00 300.00
1.05 0.917 0.95 0.98 1.02 1.03 299.00 299.00
1.00167 0.99167

4.80 0.02 0.98 1.02 0.60 -0.44 0.44 0.02
0.00 -99.00 99.00 7.00 2.00 1.00 0.00 0.00
0.00 1.20 1.00 1.00 -99.00 99.00 0.02 0.05
-0.0006 0.0006 20.00 0.00 -99.00 99.00 10.00 7.00
0.00 1.00 -99.00 99.00 5.00 2.00 0.30 0.65
0.88 1.10 1.20 0.30 1.00 4.00 0.00 300.00
1.05 0.917 0.95 0.98 1.02 1.03 299.00 299.00
1.00167 0.99167

8.70 0.02 0.98 1.02 0.60 -0.44 0.44 0.02
0.00 -99.00 99.00 7.00 2.00 1.00 0.00 0.00
0.00 1.20 1.00 1.00 -99.00 99.00 0.02 0.05
-0.0006 0.0006 20.00 0.00 -99.00 99.00 10.00 7.00
0.00 1.00 -99.00 99.00 5.00 2.00 0.30 0.65
0.88 1.10 1.20 0.30 1.00 4.00 0.00 300.00
1.05 0.917 0.95 0.98 1.02 1.03 299.00 299.00
1.00167 0.99167

5.30 0.02 0.98 1.02 0.60 -0.44 0.44 0.02
0.00 -99.00 99.00 7.00 2.00 1.00 0.00 0.00
0.00 1.20 1.00 1.00 -99.00 99.00 0.02 0.05
-0.0006 0.0006 20.00 0.00 -99.00 99.00 10.00 7.00
0.00 1.00 -99.00 99.00 5.00 2.00 0.30 0.65
0.88 1.10 1.20 0.30 1.00 4.00 0.00 300.00
1.05 0.917 0.95 0.98 1.02 1.03 299.00 299.00
1.00167 0.99167

6.90 0.02 0.98 1.02 0.60 -0.44 0.44 0.02
0.00 -99.00 99.00 7.00 2.00 1.00 0.00 0.00
0.00 1.20 1.00 1.00 -99.00 99.00 0.02 0.05
-0.0006 0.0006 20.00 0.00 -99.00 99.00 10.00 7.00
0.00 1.00 -99.00 99.00 5.00 2.00 0.30 0.65
0.88 1.10 1.20 0.30 1.00 4.00 0.00 300.00
1.05 0.917 0.95 0.98 1.02 1.03 299.00 299.00
1.00167 0.99167

5.80 0.02 0.98 1.02 0.60 -0.44 0.44 0.02
0.00 -99.00 99.00 7.00 2.00 1.00 0.00 0.00
0.00 1.20 1.00 1.00 -99.00 99.00 0.02 0.05
-0.0006 0.0006 20.00 0.00 -99.00 99.00 10.00 7.00
0.00 1.00 -99.00 99.00 5.00 2.00 0.30 0.65
0.88 1.10 1.20 0.30 1.00 4.00 0.00 300.00
1.05 0.917 0.95 0.98 1.02 1.03 299.00 299.00
1.00167 0.99167

7.00 0.02 0.98 1.02 0.60 -0.44 0.44 0.02
0.00 -99.00 99.00 7.00 2.00 1.00 0.00 0.00
0.00 1.20 1.00 1.00 -99.00 99.00 0.02 0.05
-0.0006 0.0006 20.00 0.00 -99.00 99.00 10.00 7.00
0.00 1.00 -99.00 99.00 5.00 2.00 0.30 0.65
0.88 1.10 1.20 0.30 1.00 4.00 0.00 300.00
1.05 0.917 0.95 0.98 1.02 1.03 299.00 299.00
1.00167 0.99167

5.10 0.02 0.98 1.02 0.60 -0.44 0.44 0.02
0.00 -99.00 99.00 7.00 2.00 1.00 0.00 0.00
0.00 1.20 1.00 1.00 -99.00 99.00 0.02 0.05
-0.0006 0.0006 20.00 0.00 -99.00 99.00 10.00 7.00
0.00 1.00 -99.00 99.00 5.00 2.00 0.30 0.65
0.88 1.10 1.20 0.30 1.00 4.00 0.00 300.00
1.05 0.917 0.95 0.98 1.02 1.03 299.00 299.00
1.00167 0.99167

4.40 0.02 0.98 1.02 0.60 -0.44 0.44 0.02
0.00 -99.00 99.00 7.00 2.00 1.00 0.00 0.00
0.00 1.20 1.00 1.00 -99.00 99.00 0.02 0.05
-0.0006 0.0006 20.00 0.00 -99.00 99.00 10.00 7.00
0.00 1.00 -99.00 99.00 5.00 2.00 0.30 0.65
0.88 1.10 1.20 0.30 1.00 4.00 0.00 300.00
1.05 0.917 0.95 0.98 1.02 1.03 299.00 299.00
1.00167 0.99167

4.40 0.02 0.98 1.02 0.60 -0.44 0.44 0.02
0.00 -99.00 99.00 7.00 2.00 1.00 0.00 0.00
0.00 1.20 1.00 1.00 -99.00 99.00 0.02 0.05
-0.0006 0.0006 20.00 0.00 -99.00 99.00 10.00 7.00
0.00 1.00 -99.00 99.00 5.00 2.00 0.30 0.65
0.88 1.10 1.20 0.30 1.00 4.00 0.00 300.00
1.05 0.917 0.95 0.98 1.02 1.03 299.00 299.00
1.00167 0.99167

6.60 0.02 0.98 1.02 0.60 -0.44 0.44 0.02
0.00 -99.00 99.00 7.00 2.00 1.00 0.00 0.00
0.00 1.20 1.00 1.00 -99.00 99.00 0.02 0.05
-0.0006 0.0006 20.00 0.00 -99.00 99.00 10.00 7.00
0.00 1.00 -99.00 99.00 5.00 2.00 0.30 0.65
0.88 1.10 1.20 0.30 1.00 4.00 0.00 300.00
1.05 0.917 0.95 0.98 1.02 1.03 299.00 299.00
1.00167 0.99167

5.80 0.02 0.98 1.02 0.60 -0.44 0.44 0.02
0.00 -99.00 99.00 7.00 2.00 1.00 0.00 0.00
0.00 1.20 1.00 1.00 -99.00 99.00 0.02 0.05
-0.0006 0.0006 20.00 0.00 -99.00 99.00 10.00 7.00
0.00 1.00 -99.00 99.00 5.00 2.00 0.30 0.65
0.88 1.10 1.20 0.30 1.00 4.00 0.00 300.00
1.05 0.917 0.95 0.98 1.02 1.03 299.00 299.00
1.00167 0.99167

5.80 0.02 0.98 1.02 0.60 -0.44 0.44 0.02
0.00 -99.00 99.00 7.00 2.00 1.00 0.00 0.00
0.00 1.20 1.00 1.00 -99.00 99.00 0.02 0.05
-0.0006 0.0006 20.00 0.00 -99.00 99.00 10.00 7.00
0.00 1.00 -99.00 99.00 5.00 2.00 0.30 0.65
0.88 1.10 1.20 0.30 1.00 4.00 0.00 300.00
1.05 0.917 0.95 0.98 1.02 1.03 299.00 299.00
1.00167 0.99167

7.60 0.02 0.98 1.02 0.60 -0.44 0.44 0.02
0.00 -99.00 99.00 7.00 2.00 1.00 0.00 0.00
0.00 1.20 1.00 1.00 -99.00 99.00 0.02 0.05
-0.0006 0.0006 20.00 0.00 -99.00 99.00 10.00 7.00
0.00 1.00 -99.00 99.00 5.00 2.00 0.30 0.65
0.88 1.10 1.20 0.30 1.00 4.00 0.00 300.00
1.05 0.917 0.95 0.98 1.02 1.03 299.00 299.00
1.00167 0.99167

6.30 0.02 0.98 1.02 0.60 -0.44 0.44 0.02
0.00 -99.00 99.00 7.00 2.00 1.00 0.00 0.00
0.00 1.20 1.00 1.00 -99.00 99.00 0.02 0.05
-0.0006 0.0006 20.00 0.00 -99.00 99.00 10.00 7.00
0.00 1.00 -99.00 99.00 5.00 2.00 0.30 0.65
0.88 1.10 1.20 0.30 1.00 4.00 0.00 300.00
1.05 0.917 0.95 0.98 1.02 1.03 299.00 299.00
1.00167 0.99167

6.20 0.02 0.98 1.02 0.60 -0.44 0.44 0.02
0.00 -99.00 99.00 7.00 2.00 1.00 0.00 0.00
0.00 1.20 1.00 1.00 -99.00 99.00 0.02 0.05
-0.0006 0.0006 20.00 0.00 -99.00 99.00 10.00 7.00
0.00 1.00 -99.00 99.00 5.00 2.00 0.30 0.65
0.88 1.10 1.20 0.30 1.00 4.00 0.00 300.00
1.05 0.917 0.95 0.98 1.02 1.03 299.00 299.00
1.00167 0.99167

7.80 0.02 0.98 1.02 0.60 -0.44 0.44 0.02
0.00 -99.00 99.00 7.00 2.00 1.00 0.00 0.00
0.00 1.20 1.00 1.00 -99.00 99.00 0.02 0.05
-0.0006 0.0006 20.00 0.00 -99.00 99.00 10.00 7.00
0.00 1.00 -99.00 99.00 5.00 2.00 0.30 0.65
0.88 1.10 1.20 0.30 1.00 4.00 0.00 300.00
1.05 0.917 0.95 0.98 1.02 1.03 299.00 299.00
1.00167 0.99167

5.10 0.02 0.98 1.02 0.60 -0.44 0.44 0.02
0.00 -99.00 99.00 7.00 2.00 1.00 0.00 0.00
0.00 1.20 1.00 1.00 -99.00 99.00 0.02 0.05
-0.0006 0.0006 20.00 0.00 -99.00 99.00 10.00 7.00
0.00 1.00 -99.00 99.00 5.00 2.00 0.30 0.65
0.88 1.10 1.20 0.30 1.00 4.00 0.00 300.00
1.05 0.917 0.95 0.98 1.02 1.03 299.00 299.00
1.00167 0.99167

6.80 0.02 0.98 1.02 0.60 -0.44 0.44 0.02
0.00 -99.00 99.00 7.00 2.00 1.00 0.00 0.00
0.00 1.20 1.00 1.00 -99.00 99.00 0.02 0.05
-0.0006 0.0006 20.00 0.00 -99.00 99.00 10.00 7.00
0.00 1.00 -99.00 99.00 5.00 2.00 0.30 0.65
0.88 1.10 1.20 0.30 1.00 4.00 0.00 300.00
1.05 0.917 0.95 0.98 1.02 1.03 299.00 299.00
1.00167 0.99167

7.00 0.02 0.98 1.02 0.60 -0.44 0.44 0.02
0.00 -99.00 99.00 7.00 2.00 1.00 0.00 0.00
0.00 1.20 1.00 1.00 -99.00 99.00 0.02 0.05
-0.0006 0.0006 20.00 0.00 -99.00 99.00 10.00 7.00
0.00 1.00 -99.00 99.00 5.00 2.00 0.30 0.65
0.88 1.10 1.20 0.30 1.00 4.00 0.00 300.00
1.05 0.917 0.95 0.98 1.02 1.03 299.00 299.00
1.00167 0.99167

5.70 0.02 0.98 1.02 0.60 -0.44 0.44 0.02
0.00 -99.00 99.00 7.00 2.00 1.00 0.00 0.00
0.00 1.20 1.00 1.00 -99.00 99.00 0.02 0.05
-0.0006 0.0006 20.00 0.00 -99.00 99.00 10.00 7.00
0.00 1.00 -99.00 99.00 5.00 2.00 0.30 0.65
0.88 1.10 1.20 0.30 1.00 4.00 0.00 300.00
1.05 0.917 0.95 0.98 1.02 1.03 299.00 299.00
1.00167 0.99167

6.20 0.02 0.98 1.02 0.60 -0.44 0.44 0.02
0.00 -99.00 99.00 7.00 2.00 1.00 0.00 0.00
0.00 1.20 1.00 1.00 -99.00 99.00 0.02 0.05
-0.0006 0.0006 20.00 0.00 -99.00 99.00 10.00 7.00
0.00 1.00 -99.00 99.00 5.00 2.00 0.30 0.65
0.88 1.10 1.20 0.30 1.00 4.00 0.00 300.00
1.05 0.917 0.95 0.98 1.02 1.03 299.00 299.00
1.00167 0.99167

4.70 0.02 0.98 1.02 0.60 -0.44 0.44 0.02
0.00 -99.00 99.00 7.00 2.00 1.00 0.00 0.00
0.00 1.20 1.00 1.00 -99.00 99.00 0.02 0.05
-0.0006 0.0006 20.00 0.00 -99.00 99.00 10.00 7.00
0.00 1.00 -99.00 99.00 5.00 2.00 0.30 0.65
0.88 1.10 1.20 0.30 1.00 4.00 0.00 300.00
1.05 0.917 0.95 0.98 1.02 1.03 299.00 299.00
1.00167 0.99167

4.70 0.02 0.98 1.02 0.60 -0.44 0.44 0.02
0.00 -99.00 99.00 7.00 2.00 1.00 0.00 0.00
0.00 1.20 1.00 1.00 -99.00 99.00 0.02 0.05
-0.0006 0.0006 20.00 0.00 -99.00 99.00 10.00 7.00
0.00 1.00 -99.00 99.00 5.00 2.00 0.30 0.65
0.88 1.10 1.20 0.30 1.00 4.00 0.00 300.00
1.05 0.917 0.95 0.98 1.02 1.03 299.00 299.00
1.00167 0.99167

6.10 0.02 0.98 1.02 0.60 -0.44 0.44 0.02
0.00 -99.00 99.00 7.00 2.00 1.00 0.00 0.00
0.00 1.20 1.00 1.00 -99.00 99.00 0.02 0.05
-0.0006 0.0006 20.00 0.00 -99.00 99.00 10.00 7.00
0.00 1.00 -99.00 99.00 5.00 2.00 0.30 0.65
0.88 1.10 1.20 0.30 1.00 4.00 0.00 300.00
1.05 0.917 0.95 0.98 1.02 1.03 299.00 299.00
1.00167 0.99167

6.80 0.02 0.98 1.02 0.60 -0.44 0.44 0.02
0.00 -99.00 99.00 7.00 2.00 1.00 0.00 0.00
0.00 1.20 1.00 1.00 -99.00 99.00 0.02 0.05
-0.0006 0.0006 20.00 0.00 -99.00 99.00 10.00 7.00
0.00 1.00 -99.00 99.00 5.00 2.00 0.30 0.65
0.88 1.10 1.20 0.30 1.00 4.00 0.00 300.00
1.05 0.917 0.95 0.98 1.02 1.03 299.00 299.00
1.00167 0.99167

8.90 0.02 0.98 1.02 0.60 -0.44 0.44 0.02
0.00 -99.00 99.00 7.00 2.00 1.00 0.00 0.00
0.00 1.20 1.00 1.00 -99.00 99.00 0.02 0.05
-0.0006 0.0006 20.00 0.00 -99.00 99.00 10.00 7.00
0.00 1.00 -99.00 99.00 5.00 2.00 0.30 0.65
0.88 1.10 1.20 0.30 1.00 4.00 0.00 300.00
1.05 0.917 0.95 0.98 1.02 1.03 299.00 299.00
1.00167 0.99167

5.20 0.02 0.98 1.02 0.60 -0.44 0.44 0.02
0.00 -99.00 99.00 7.00 2.00 1.00 0.00 0.00
0.00 1.20 1.00 1.00 -99.00 99.00 0.02 0.05
-0.0006 0.0006 20.00 0.00 -99.00 99.00 10.00 7.00
0.00 1.00 -99.00 99.00 5.00 2.00 0.30 0.65
0.88 1.10 1.20 0.30 1.00 4.00 0.00 300.00
1.05 0.917 0.95 0.98 1.02 1.03 299.00 299.00
1.00167 0.99167

6.20 0.02 0.98 1.02 0.60 -0.44 0.44 0.02
0.00 -99.00 99.00 7.00 2.00 1.00 0.00 0.00
0.00 1.20 1.00 1.00 -99.00 99.00 0.02 0.05
-0.0006 0.0006 20.00 0.00 -99.00 99.00 10.00 7.00
0.00 1.00 -99.00 99.00 5.00 2.00 0.30 0.65
0.88 1.10 1.20 0.30 1.00 4.00 0.00 300.00
1.05 0.917 0.95 0.98 1.02 1.03 299.00 299.00
1.00167 0.99167

5.90 0.02 0.98 1.02 0.60 -0.44 0.44 0.02
0.00 -99.00 99.00 7.00 2.00 1.00 0.00 0.00
0.00 1.20 1.00 1.00 -99.00 99.00 0.02 0.05
-0.0006 0.0006 20.00 0.00 -99.00 99.00 10.00 7.00
0.00 1.00 -99.00 99.00 5.00 2.00 0.30 0.65
0.88 1.10 1.20 0.30 1.00 4.00 0.00 300.00
1.05 0.917 0.95 0.98 1.02 1.03 299.00 299.00
1.00167 0.99167

3.80 0.02 0.98 1.02 0.60 -0.44 0.44 0.02
0.00 -99.00 99.00 7.00 2.00 1.00 0.00 0.00
0.00 1.20 1.00 1.00 -99.00 99.00 0.02 0.05
-0.0006 0.0006 20.00 0.00 -99.00 99.00 10.00 7.00
0.00 1.00 -99.00 99.00 5.00 2.00 0.30 0.65
0.88 1.10 1.20 0.30 1.00 4.00 0.00 300.00
1.05 0.917 0.95 0.98 1.02 1.03 299.00 299.00
1.00167 0.99167

5.50 0.02 0.98 1.02 0.60 -0.44 0.44 0.02
0.00 -99.00 99.00 7.00 2.00 1.00 0.00 0.00
0.00 1.20 1.00 1.00 -99.00 99.00 0.02 0.05
-0.0006 0.0006 20.00 0.00 -99.00 99.00 10.00 7.00
0.00 1.00 -99.00 99.00 5.00 2.00 0.30 0.65
0.88 1.10 1.20 0.30 1.00 4.00 0.00 300.00
1.05 0.917 0.95 0.98 1.02 1.03 299.00 299.00
1.00167 0.99167

4.00 0.02 0.98 1.02 0.60 -0.44 0.44 0.02
0.00 -99.00 99.00 7.00 2.00 1.00 0.00 0.00
0.00 1.20 1.00 1.00 -99.00 99.00 0.02 0.05
-0.0006 0.0006 20.00 0.00 -99.00 99.00 10.00 7.00
0.00 1.00 -99.00 99.00 5.00 2.00 0.30 0.65
0.88 1.10 1.20 0.30 1.00 4.00 0.00 300.00
1.05 0.917 0.95 0.98 1.02 1.03 299.00 299.00
1.00167 0.99167

7.00 0.02 0.98 1.02 0.60 -0.44 0.44 0.02
0.00 -99.00 99.00 7.00 2.00 1.00 0.00 0.00
0.00 1.20 1.00 1.00 -99.00 99.00 0.02 0.05
-0.0006 0.0006 20.00 0.00 -99.00 99.00 10.00 7.00
0.00 1.00 -99.00 99.00 5.00 2.00 0.30 0.65
0.88 1.10 1.20 0.30 1.00 4.00 0.00 300.00
1.05 0.917 0.95 0.98 1.02 1.03 299.00 299.00
1.00167 0.99167

5.00 0.02 0.98 1.02 0.60 -0.44 0.44 0.02
0.00 -99.00 99.00 7.00 2.00 1.00 0.00 0.00
0.00 1.20 1.00 1.00 -99.00 99.00 0.02 0.05
-0.0006 0.0006 20.00 0.00 -99.00 99.00 10.00 7.00
0.00 1.00 -99.00 99.00 5.00 2.00 0.30 0.65
0.88 1.10 1.20 0.30 1.00 4.00 0.00 300.00
1.05 0.917 0.95 0.98 1.02 1.03 299.00 299.00
1.00167 0.99167

6.10 0.02 0.98 1.02 0.60 -0.44 0.44 0.02
0.00 -99.00 99.00 7.00 2.00 1.00 0.00 0.00
0.00 1.20 1.00 1.00 -99.00 99.00 0.02 0.05
-0.0006 0.0006 20.00 0.00 -99.00 99.00 10.00 7.00
0.00 1.00 -99.00 99.00 5.00 2.00 0.30 0.65
0.88 1.10 1.20 0.30 1.00 4.00 0.00 300.00
1.05 0.917 0.95 0.98 1.02 1.03 299.00 299.00
1.00167 0.99167

5.40 0.02 0.98 1.02 0.60 -0.44 0.44 0.02
0.00 -99.00 99.00 7.00 2.00 1.00 0.00 0.00
0.00 1.20 1.00 1.00 -99.00 99.00 0.02 0.05
-0.0006 0.0006 20.00 0.00 -99.00 99.00 10.00 7.00
0.00 1.00 -99.00 99.00 5.00 2.00 0.30 0.65
0.88 1.10 1.20 0.30 1.00 4.00 0.00 300.00
1.05 0.917 0.95 0.98 1.02 1.03 299.00 299.00
1.00167 0.99167

6.30 0.02 0.98 1.02 0.60 -0.44 0.44 0.02
0.00 -99.00 99.00 7.00 2.00 1.00 0.00 0.00
0.00 1.20 1.00 1.00 -99.00 99.00 0.02 0.05
-0.0006 0.0006 20.00 0.00 -99.00 99.00 10.00 7.00
0.00 1.00 -99.00 99.00 5.00 2.00 0.30 0.65
0.88 1.10 1.20 0.30 1.00 4.00 0.00 300.00
1.05 0.917 0.95 0.98 1.02 1.03 299.00 299.00
1.00167 0.99167

5.30 0.02 0.98 1.02 0.60 -0.44 0.44 0.02
0.00 -99.00 99.00 7.00 2.00 1.00 0.00 0.00
0.00 1.20 1.00 1.00 -99.00 99.00 0.02 0.05
-0.0006 0.0006 20.00 0.00 -99.00 99.00 10.00 7.00
0.00 1.00 -99.00 99.00 5.00 2.00 0.30 0.65
0.88 1.10 1.20 0.30 1.00 4.00 0.00 300.00
1.05 0.917 0.95 0.98 1.02 1.03 299.00 299.00
1.00167 0.99167

6.60 0.02 0.98 1.02 0.60 -0.44 0.44 0.02
0.00 -99.00 99.00 7.00 2.00 1.00 0.00 0.00
0.00 1.20 1.00 1.00 -99.00 99.00 0.02 0.05
-0.0006 0.0006 20.00 0.00 -99.00 99.00 10.00 7.00
0.00 1.00 -99.00 99.00 5.00 2.00 0.30 0.65
0.88 1.10 1.20 0.30 1.00 4.00 0.00 300.00
1.05 0.917 0.95 0.98 1.02 1.03 299.00 299.00
1.00167 0.99167

6.80 0.02 0.98 1.02 0.60 -0.44 0.44 0.02
0.00 -99.00 99.00 7.00 2.00 1.00 0.00 0.00
0.00 1.20 1.00 1.00 -99.00 99.00 0.02 0.05
-0.0006 0.0006 20.00 0.00 -99.00 99.00 10.00 7.00
0.00 1.00 -99.00 99.00 5.00 2.00 0.30 0.65
0.88 1.10 1.20 0.30 1.00 4.00 0.00 300.00
1.05 0.917 0.95 0.98 1.02 1.03 299.00 299.00
1.00167 0.99167

8.00 0.02 0.98 1.02 0.60 -0.44 0.44 0.02
0.00 -99.00 99.00 7.00 2.00 1.00 0.00 0.00
0.00 1.20 1.00 1.00 -99.00 99.00 0.02 0.05
-0.0006 0.0006 20.00 0.00 -99.00 99.00 10.00 7.00
0.00 1.00 -99.00 99.00 5.00 2.00 0.30 0.65
0.88 1.10 1.20 0.30 1.00 4.00 0.00 300.00
1.05 0.917 0.95 0.98 1.02 1.03 299.00 299.00
1.00167 0.99167

5.80 0.02 0.98 1.02 0.60 -0.44 0.44 0.02
0.00 -99.00 99.00 7.00 2.00 1.00 0.00 0.00
0.00 1.20 1.00 1.00 -99.00 99.00 0.02 0.05
-0.0006 0.0006 20.00 0.00 -99.00 99.00 10.00 7.00
0.00 1.00 -99.00 99.00 5.00 2.00 0.30 0.65
0.88 1.10 1.20 0.30 1.00 4.00 0.00 300.00
1.05 0.917 0.95 0.98 1.02 1.03 299.00 299.00
1.00167 0.99167

3.60 0.02 0.98 1.02 0.60 -0.44 0.44 0.02
0.00 -99.00 99.00 7.00 2.00 1.00 0.00 0.00
0.00 1.20 1.00 1.00 -99.00 99.00 0.02 0.05
-0.0006 0.0006 20.00 0.00 -99.00 99.00 10.00 7.00
0.00 1.00 -99.00 99.00 5.00 2.00 0.30 0.65
0.88 1.10 1.20 0.30 1.00 4.00 0.00 300.00
1.05 0.917 0.95 0.98 1.02 1.03 299.00 299.00
1.00167 0.99167

5.00 0.02 0.98 1.02 0.60 -0.44 0.44 0.02
0.00 -99.00 99.00 7.00 2.00 1.00 0.00 0.00
0.00 1.20 1.00 1.00 -99.00 99.00 0.02 0.05
-0.0006 0.0006 20.00 0.00 -99.00 99.00 10.00 7.00
0.00 1.00 -99.00 99.00 5.00 2.00 0.30 0.65
0.88 1.10 1.20 0.30 1.00 4.00 0.00 300.00
1.05 0.917 0.95 0.98 1.02 1.03 299.00 299.00
1.00167 0.99167

7.50 0.02 0.98 1.02 0.60 -0.44 0.44 0.02
0.00 -99.00 99.00 7.00 2.00 1.00 0.00 0.00
0.00 1.20 1.00 1.00 -99.00 99.00 0.02 0.05
-0.0006 0.0006 20.00 0.00 -99.00 99.00 10.00 7.00
0.00 1.00 -99.00 99.00 5.00 2.00 0.30 0.65
0.88 1.10 1.20 0.30 1.00 4.00 0.00 300.00
1.05 0.917 0.95 0.98 1.02 1.03 299.00 299.00
1.00167 0.99167

4.80 0.02 0.98 1.02 0.60 -0.44 0.44 0.02
0.00 -99.00 99.00 7.00 2.00 1.00 0.00 0.00
0.00 1.20 1.00 1.00 -99.00 99.00 0.02 0.05
-0.0006 0.0006 20.00 0.00 -99.00 99.00 10.00 7.00
0.00 1.00 -99.00 99.00 5.00 2.00 0.30 0.65
0.88 1.10 1.20 0.30 1.00 4.00 0.00 300.00
1.05 0.917 0.95 0.98 1.02 1.03 299.00 299.00
1.00167 0.99167

7.10 0.02 0.98 1.02 0.60 -0.44 0.44 0.02
0.00 -99.00 99.00 7.00 2.00 1.00 0.00 0.00
0.00 1.20 1.00 1.00 -99.00 99.00 0.02 0.05
-0.0006 0.0006 20.00 0.00 -99.00 99.00 10.00 7.00
0.00 1.00 -99.00 99.00 5.00 2.00 0.30 0.65
0.88 1.10 1.20 0.30 1.00 4.00 0.00 300.00
1.05 0.917 0.95 0.98 1.02 1.03 299.00 299.00
1.00167 0.99167

6.10 0.02 0.98 1.02 0.60 -0.44 0.44 0.02
0.00 -99.00 99.00 7.00 2.00 1.00 0.00 0.00
0.00 1.20 1.00 1.00 -99.00 99.00 0.02 0.05
-0.0006 0.0006 20.00 0.00 -99.00 99.00 10.00 7.00
0.00 1.00 -99.00 99.00 5.00 2.00 0.30 0.65
0.88 1.10 1.20 0.30 1.00 4.00 0.00 300.00
1.05 0.917 0.95 0.98 1.02 1.03 299.00 299.00
1.00167 0.99167

7.60 0.02 0.98 1.02 0.60 -0.44 0.44 0.02
0.00 -99.00 99.00 7.00 2.00 1.00 0.00 0.00
0.00 1.20 1.00 1.00 -99.00 99.00 0.02 0.05
-0.0006 0.0006 20.00 0.00 -99.00 99.00 10.00 7.00
0.00 1.00 -99.00 99.00 5.00 2.00 0.30 0.65
0.88 1.10 1.20 0.30 1.00 4.00 0.00 300.00
1.05 0.917 0.95 0.98 1.02 1.03 299.00 299.00
1.00167 0.99167

3.80 0.02 0.98 1.02 0.60 -0.44 0.44 0.02
0.00 -99.00 99.00 7.00 2.00 1.00 0.00 0.00
0.00 1.20 1.00 1.00 -99.00 99.00 0.02 0.05
-0.0006 0.0006 20.00 0.00 -99.00 99.00 10.00 7.00
0.00 1.00 -99.00 99.00 5.00 2.00 0.30 0.65
0.88 1.10 1.20 0.30 1.00 4.00 0.00 300.00
1.05 0.917 0.95 0.98 1.02 1.03 299.00 299.00
1.00167 0.99167

5.80 0.02 0.98 1.02 0.60 -0.44 0.44 0.02
0.00 -99.00 99.00 7.00 2.00 1.00 0.00 0.00
0.00 1.20 1.00 1.00 -99.00 99.00 0.02 0.05
-0.0006 0.0006 20.00 0.00 -99.00 99.00 10.00 7.00
0.00 1.00 -99.00 99.00 5.00 2.00 0.30 0.65
0.88 1.10 1.20 0.30 1.00 4.00 0.00 300.00
1.05 0.917 0.95 0.98 1.02 1.03 299.00 299.00
1.00167 0.99167

4.60 0.02 0.98 1.02 0.60 -0.44 0.44 0.02
0.00 -99.00 99.00 7.00 2.00 1.00 0.00 0.00
0.00 1.20 1.00 1.00 -99.00 99.00 0.02 0.05
-0.0006 0.0006 20.00 0.00 -99.00 99.00 10.00 7.00
0.00 1.00 -99.00 99.00 5.00 2.00 0.30 0.65
0.88 1.10 1.20 0.30 1.00 4.00 0.00 300.00
1.05 0.917 0.95 0.98 1.02 1.03 299.00 299.00
1.00167 0.99167

9.30 0.02 0.98 1.02 0.60 -0.44 0.44 0.02
0.00 -99.00 99.00 7.00 2.00 1.00 0.00 0.00
0.00 1.20 1.00 1.00 -99.00 99.00 0.02 0.05
-0.0006 0.0006 20.00 0.00 -99.00 99.00 10.00 7.00
0.00 1.00 -99.00 99.00 5.00 2.00 0.30 0.65
0.88 1.10 1.20 0.30 1.00 4.00 0.00 300.00
1.05 0.917 0.95 0.98 1.02 1.03 299.00 299.00
1.00167 0.99167

6.90 0.02 0.98 1.02 0.60 -0.44 0.44 0.02
0.00 -99.00 99.00 7.00 2.00 1.00 0.00 0.00
0.00 1.20 1.00 1.00 -99.00 99.00 0.02 0.05
-0.0006 0.0006 20.00 0.00 -99.00 99.00 10.00 7.00
0.00 1.00 -99.00 99.00 5.00 2.00 0.30 0.65
0.88 1.10 1.20 0.30 1.00 4.00 0.00 300.00
1.05 0.917 0.95 0.98 1.02 1.03 299.00 299.00
1.00167 0.99167

7.60 0.02 0.98 1.02 0.60 -0.44 0.44 0.02
0.00 -99.00 99.00 7.00 2.00 1.00 0.00 0.00
0.00 1.20 1.00 1.00 -99.00 99.00 0.02 0.05
-0.0006 0.0006 20.00 0.00 -99.00 99.00 10.00 7.00
0.00 1.00 -99.00 99.00 5.00 2.00 0.30 0.65
0.88 1.10 1.20 0.30 1.00 4.00 0.00 300.00
1.05 0.917 0.95 0.98 1.02 1.03 299.00 299.00
1.00167 0.99167

4.80 0.02 0.98 1.02 0.60 -0.44 0.44 0.02
0.00 -99.00 99.00 7.00 2.00 1.00 0.00 0.00
0.00 1.20 1.00 1.00 -99.00 99.00 0.02 0.05
-0.0006 0.0006 20.00 0.00 -99.00 99.00 10.00 7.00
0.00 1.00 -99.00 99.00 5.00 2.00 0.30 0.65
0.88 1.10 1.20 0.30 1.00 4.00 0.00 300.00
1.05 0.917 0.95 0.98 1.02 1.03 299.00 299.00
1.00167 0.99167

5.50 0.02 0.98 1.02 0.60 -0.44 0.44 0.02
0.00 -99.00 99.00 7.00 2.00 1.00 0.00 0.00
0.00 1.20 1.00 1.00 -99.00 99.00 0.02 0.05
-0.0006 0.0006 20.00 0.00 -99.00 99.00 10.00 7.00
0.00 1.00 -99.00 99.00 5.00 2.00 0.30 0.65
0.88 1.10 1.20 0.30 1.00 4.00 0.00 300.00
1.05 0.917 0.95 0.98 1.02 1.03 299.00 299.00
1.00167 0.99167

5.70 0.02 0.98 1.02 0.60 -0.44 0.44 0.02
0.00 -99.00 99.00 7.00 2.00 1.00 0.00 0.00
0.00 1.20 1.00 1.00 -99.00 99.00 0.02 0.05
-0.0006 0.0006 20.00 0.00 -99.00 99.00 10.00 7.00
0.00 1.00 -99.00 99.00 5.00 2.00 0.30 0.65
0.88 1.10 1.20 0.30 1.00 4.00 0.00 300.00
1.05 0.917 0.95 0.98 1.02 1.03 299.00 299.00
1.00167 0.99167

7.30 0.02 0.98 1.02 0.60 -0.44 0.44 0.02
0.00 -99.00 99.00 7.00 2.00 1.00 0.00 0.00
0.00 1.20 1.00 1.00 -99.00 99.00 0.02 0.05
-0.0006 0.0006 20.00 0.00 -99.00 99.00 10.00 7.00
0.00 1.00 -99.00 99.00 5.00 2.00 0.30 0.65
0.88 1.10 1.20 0.30 1.00 4.00 0.00 300.00
1.05 0.917 0.95 0.98 1.02 1.03 299.00 299.00
1.00167 0.99167

5.70 0.02 0.98 1.02 0.60 -0.44 0.44 0.02
0.00 -99.00 99.00 7.00 2.00 1.00 0.00 0.00
0.00 1.20 1.00 1.00 -99.00 99.00 0.02 0.05
-0.0006 0.0006 20.00 0.00 -99.00 99.00 10.00 7.00
0.00 1.00 -99.00 99.00 5.00 2.00 0.30 0.65
0.88 1.10 1.20 0.30 1.00 4.00 0.00 300.00
1.05 0.917 0.95 0.98 1.02 1.03 299.00 299.00
1.00167 0.99167

6.80 0.02 0.98 1.02 0.60 -0.44 0.44 0.02
0.00 -99.00 99.00 7.00 2.00 1.00 0.00 0.00
0.00 1.20 1.00 1.00 -99.00 99.00 0.02 0.05
-0.0006 0.0006 20.00 0.00 -99.00 99.00 10.00 7.00
0.00 1.00 -99.00 99.00 5.00 2.00 0.30 0.65
0.88 1.10 1.20 0.30 1.00 4.00 0.00 300.00
1.05 0.917 0.95 0.98 1.02 1.03 299.00 299.00
1.00167 0.99167

3.70 0.02 0.98 1.02 0.60 -0.44 0.44 0.02
0.00 -99.00 99.00 7.00 2.00 1.00 0.00 0.00
0.00 1.20 1.00 1.00 -99.00 99.00 0.02 0.05
-0.0006 0.0006 20.00 0.00 -99.00 99.00 10.00 7.00
0.00 1.00 -99.00 99.00 5.00 2.00 0.30 0.65
0.88 1.10 1.20 0.30 1.00 4.00 0.00 300.00
1.05 0.917 0.95 0.98 1.02 1.03 299.00 299.00
1.00167 0.99167

5.60 0.02 0.98 1.02 0.60 -0.44 0.44 0.02
0.00 -99.00 99.00 7.00 2.00 1.00 0.00 0.00
0.00 1.20 1.00 1.00 -99.00 99.00 0.02 0.05
-0.0006 0.0006 20.00 0.00 -99.00 99.00 10.00 7.00
0.00 1.00 -99.00 99.00 5.00 2.00 0.30 0.65
0.88 1.10 1.20 0.30 1.00 4.00 0.00 300.00
1.05 0.917 0.95 0.98 1.02 1.03 299.00 299.00
1.00167 0.99167

5.10 0.02 0.98 1.02 0.60 -0.44 0.44 0.02
0.00 -99.00 99.00 7.00 2.00 1.00 0.00 0.00
0.00 1.20 1.00 1.00 -99.00 99.00 0.02 0.05
-0.0006 0.0006 20.00 0.00 -99.00 99.00 10.00 7.00
0.00 1.00 -99.00 99.00 5.00 2.00 0.30 0.65
0.88 1.10 1.20 0.30 1.00 4.00 0.00 300.00
1.05 0.917 0.95 0.98 1.02 1.03 299.00 299.00
1.00167 0.99167

4.20 0.02 0.98 1.02 0.60 -0.44 0.44 0.02
0.00 -99.00 99.00 7.00 2.00 1.00 0.00 0.00
0.00 1.20 1.00 1.00 -99.00 99.00 0.02 0.05
-0.0006 0.0006 20.00 0.00 -99.00 99.00 10.00 7.00
0.00 1.00 -99.00 99.00 5.00 2.00 0.30 0.65
0.88 1.10 1.20 0.30 1.00 4.00 0.00 300.00
1.05 0.917 0.95 0.98 1.02 1.03 299.00 299.00
1.00167 0.99167

6.60 0.02 0.98 1.02 0.60 -0.44 0.44 0.02
0.00 -99.00 99.00 7.00 2.00 1.00 0.00 0.00
0.00 1.20 1.00 1.00 -99.00 99.00 0.02 0.05
-0.0006 0.0006 20.00 0.00 -99.00 99.00 10.00 7.00
0.00 1.00 -99.00 99.00 5.00 2.00 0.30 0.65
0.88 1.10 1.20 0.30 1.00 4.00 0.00 300.00
1.05 0.917 0.95 0.98 1.02 1.03 299.00 299.00
1.00167 0.99167

6.30 0.02 0.98 1.02 0.60 -0.44 0.44 0.02
0.00 -99.00 99.00 7.00 2.00 1.00 0.00 0.00
0.00 1.20 1.00 1.00 -99.00 99.00 0.02 0.05
-0.0006 0.0006 20.00 0.00 -99.00 99.00 10.00 7.00
0.00 1.00 -99.00 99.00 5.00 2.00 0.30 0.65
0.88 1.10 1.20 0.30 1.00 4.00 0.00 300.00
1.05 0.917 0.95 0.98 1.02 1.03 299.00 299.00
1.00167 0.99167

6.00 0.02 0.98 1.02 0.60 -0.44 0.44 0.02
0.00 -99.00 99.00 7.00 2.00 1.00 0.00 0.00
0.00 1.20 1.00 1.00 -99.00 99.00 0.02 0.05
-0.0006 0.0006 20.00 0.00 -99.00 99.00 10.00 7.00
0.00 1.00 -99.00 99.00 5.00 2.00 0.30 0.65
0.88 1.10 1.20 0.30 1.00 4.00 0.00 300.00
1.05 0.917 0.95 0.98 1.02 1.03 299.00 299.00
1.00167 0.99167

4.50 0.02 0.98 1.02 0.60 -0.44 0.44 0.02
0.00 -99.00 99.00 7.00 2.00 1.00 0.00 0.00
0.00 1.20 1.00 1.00 -99.00 99.00 0.02 0.05
-0.0006 0.0006 20.00 0.00 -99.00 99.00 10.00 7.00
0.00 1.00 -99.00 99.00 5.00 2.00 0.30 0.65
0.88 1.10 1.20 0.30 1.00 4.00 0.00 300.00
1.05 0.917 0.95 0.98 1.02 1.03 299.00 299.00
1.00167 0.99167

7.30 0.02 0.98 1.02 0.60 -0.44 0.44 0.02
0.00 -99.00 99.00 7.00 2.00 1.00 0.00 0.00
0.00 1.20 1.00 1.00 -99.00 99.00 0.02 0.05
-0.0006 0.0006 20.00 0.00 -99.00 99.00 10.00 7.00
0.00 1.00 -99.00 99.00 5.00 2.00 0.30 0.65
0.88 1.10 1.20 0.30 1.00 4.00 0.00 300.00
1.05 0.917 0.95 0.98 1.02 1.03 299.00 299.00
1.00167 0.99167

6.40 0.02 0.98 1.02 0.60 -0.44 0.44 0.02
0.00 -99.00 99.00 7.00 2.00 1.00 0.00 0.00
0.00 1.20 1.00 1.00 -99.00 99.00 0.02 0.05
-0.0006 0.0006 20.00 0.00 -99.00 99.00 10.00 7.00
0.00 1.00 -99.00 99.00 5.00 2.00 0.30 0.65
0.88 1.10 1.20 0.30 1.00 4.00 0.00 300.00
1.05 0.917 0.95 0.98 1.02 1.03 299.00 299.00
1.00167 0.99167

5.70 0.02 0.98 1.02 0.60 -0.44 0.44 0.02
0.00 -99.00 99.00 7.00 2.00 1.00 0.00 0.00
0.00 1.20 1.00 1.00 -99.00 99.00 0.02 0.05
-0.0006 0.0006 20.00 0.00 -99.00 99.00 10.00 7.00
0.00 1.00 -99.00 99.00 5.00 2.00 0.30 0.65
0.88 1.10 1.20 0.30 1.00 4.00 0.00 300.00
1.05 0.917 0.95 0.98 1.02 1.03 299.00 299.00
1.00167 0.99167

6.00 0.02 0.98 1.02 0.60 -0.44 0.44 0.02
0.00 -99.00 99.00 7.00 2.00 1.00 0.00 0.00
0.00 1.20 1.00 1.00 -99.00 99.00 0.02 0.05
-0.0006 0.0006 20.00 0.00 -99.00 99.00 10.00 7.00
0.00 1.00 -99.00 99.00 5.00 2.00 0.30 0.65
0.88 1.10 1.20 0.30 1.00 4.00 0.00 300.00
1.05 0.917 0.95 0.98 1.02 1.03 299.00 299.00
1.00167 0.99167

5.70 0.02 0.98 1.02 0.60 -0.44 0.44 0.02
0.00 -99.00 99.00 7.00 2.00 1.00 0.00 0.00
0.00 1.20 1.00 1.00 -99.00 99.00 0.02 0.05
-0.0006 0.0006 20.00 0.00 -99.00 99.00 10.00 7.00
0.00 1.00 -99.00 99.00 5.00 2.00 0.30 0.65
0.88 1.10 1.20 0.30 1.00 4.00 0.00 300.00
1.05 0.917 0.95 0.98 1.02 1.03 299.00 299.00
1.00167 0.99167

4.00 0.02 0.98 1.02 0.60 -0.44 0.44 0.02
0.00 -99.00 99.00 7.00 2.00 1.00 0.00 0.00
0.00 1.20 1.00 1.00 -99.00 99.00 0.02 0.05
-0.0006 0.0006 20.00 0.00 -99.00 99.00 10.00 7.00
0.00 1.00 -99.00 99.00 5.00 2.00 0.30 0.65
0.88 1.10 1.20 0.30 1.00 4.00 0.00 300.00
1.05 0.917 0.95 0.98 1.02 1.03 299.00 299.00
1.00167 0.99167

5.70 0.02 0.98 1.02 0.60 -0.44 0.44 0.02
0.00 -99.00 99.00 7.00 2.00 1.00 0.00 0.00
0.00 1.20 1.00 1.00 -99.00 99.00 0.02 0.05
-0.0006 0.0006 20.00 0.00 -99.00 99.00 10.00 7.00
0.00 1.00 -99.00 99.00 5.00 2.00 0.30 0.65
0.88 1.10 1.20 0.30 1.00 4.00 0.00 300.00
1.05 0.917 0.95 0.98 1.02 1.03 299.00 299.00
1.00167 0.99167

5.10 0.02 0.98 1.02 0.60 -0.44 0.44 0.02
0.00 -99.00 99.00 7.00 2.00 1.00 0.00 0.00
0.00 1.20 1.00 1.00 -99.00 99.00 0.02 0.05
-0.0006 0.0006 20.00 0.00 -99.00 99.00 10.00 7.00
0.00 1.00 -99.00 99.00 5.00 2.00 0.30 0.65
0.88 1.10 1.20 0.30 1.00 4.00 0.00 300.00
1.05 0.917 0.95 0.98 1.02 1.03 299.00 299.00
1.00167 0.99167

4.90 0.02 0.98 1.02 0.60 -0.44 0.44 0.02
0.00 -99.00 99.00 7.00 2.00 1.00 0.00 0.00
0.00 1.20 1.00 1.00 -99.00 99.00 0.02 0.05
-0.0006 0.0006 20.00 0.00 -99.00 99.00 10.00 7.00
0.00 1.00 -99.00 99.00 5.00 2.00 0.30 0.65
0.88 1.10 1.20 0.30 1.00 4.00 0.00 300.00
1.05 0.917 0.95 0.98 1.02 1.03 299.00 299.00
1.00167 0.99167

4.70 0.02 0.98 1.02 0.60 -0.44 0.44 0.02
0.00 -99.00 99.00 7.00 2.00 1.00 0.00 0.00
0.00 1.20 1.00 1.00 -99.00 99.00 0.02 0.05
-0.0006 0.0006 20.00 0.00 -99.00 99.00 10.00 7.00
0.00 1.00 -99.00 99.00 5.00 2.00 0.30 0.65
0.88 1.10 1.20 0.30 1.00 4.00 0.00 300.00
1.05 0.917 0.95 0.98 1.02 1.03 299.00 299.00
1.00167 0.99167

5.40 0.02 0.98 1.02 0.60 -0.44 0.44 0.02
0.00 -99.00 99.00 7.00 2.00 1.00 0.00 0.00
0.00 1.20 1.00 1.00 -99.00 99.00 0.02 0.05
-0.0006 0.0006 20.00 0.00 -99.00 99.00 10.00 7.00
0.00 1.00 -99.00 99.00 5.00 2.00 0.30 0.65
0.88 1.10 1.20 0.30 1.00 4.00 0.00 300.00
1.05 0.917 0.95 0.98 1.02 1.03 299.00 299.00
1.00167 0.99167

3.70 0.02 0.98 1.02 0.60 -0.44 0.44 0.02
0.00 -99.00 99.00 7.00 2.00 1.00 0.00 0.00
0.00 1.20 1.00 1.00 -99.00 99.00 0.02 0.05
-0.0006 0.0006 20.00 0.00 -99.00 99.00 10.00 7.00
0.00 1.00 -99.00 99.00 5.00 2.00 0.30 0.65
0.88 1.10 1.20 0.30 1.00 4.00 0.00 300.00
1.05 0.917 0.95 0.98 1.02 1.03 299.00 299.00
1.00167 0.99167

7.10 0.02 0.98 1.02 0.60 -0.44 0.44 0.02
0.00 -99.00 99.00 7.00 2.00 1.00 0.00 0.00
0.00 1.20 1.00 1.00 -99.00 99.00 0.02 0.05
-0.0006 0.0006 20.00 0.00 -99.00 99.00 10.00 7.00
0.00 1.00 -99.00 99.00 5.00 2.00 0.30 0.65
0.88 1.10 1.20 0.30 1.00 4.00 0.00 300.00
1.05 0.917 0.95 0.98 1.02 1.03 299.00 299.00
1.00167 0.99167

6.60 0.02 0.98 1.02 0.60 -0.44 0.44 0.02
0.00 -99.00 99.00 7.00 2.00 1.00 0.00 0.00
0.00 1.20 1.00 1.00 -99.00 99.00 0.02 0.05
-0.0006 0.0006 20.00 0.00 -99.00 99.00 10.00 7.00
0.00 1.00 -99.00 99.00 5.00 2.00 0.30 0.65
0.88 1.10 1.20 0.30 1.00 4.00 0.00 300.00
1.05 0.917 0.95 0.98 1.02 1.03 299.00 299.00
1.00167 0.99167

6.00 0.02 0.98 1.02 0.60 -0.44 0.44 0.02
0.00 -99.00 99.00 7.00 2.00 1.00 0.00 0.00
0.00 1.20 1.00 1.00 -99.00 99.00 0.02 0.05
-0.0006 0.0006 20.00 0.00 -99.00 99.00 10.00 7.00
0.00 1.00 -99.00 99.00 5.00 2.00 0.30 0.65
0.88 1.10 1.20 0.30 1.00 4.00 0.00 300.00
1.05 0.917 0.95 0.98 1.02 1.03 299.00 299.00
1.00167 0.99167

6.00 0.02 0.98 1.02 0.60 -0.44 0.44 0.02
0.00 -99.00 99.00 7.00 2.00 1.00 0.00 0.00
0.00 1.20 1.00 1.00 -99.00 99.00 0.02 0.05
-0.0006 0.0006 20.00 0.00 -99.00 99.00 10.00 7.00
0.00 1.00 -99.00 99.00 5.00 2.00 0.30 0.65
0.88 1.10 1.20 0.30 1.00 4.00 0.00 300.00
1.05 0.917 0.95 0.98 1.02 1.03 299.00 299.00
1.00167 0.99167

5.10 0.02 0.98 1.02 0.60 -0.44 0.44 0.02
0.00 -99.00 99.00 7.00 2.00 1.00 0.00 0.00
0.00 1.20 1.00 1.00 -99.00 99.00 0.02 0.05
-0.0006 0.0006 20.00 0.00 -99.00 99.00 10.00 7.00
0.00 1.00 -99.00 99.00 5.00 2.00 0.30 0.65
0.88 1.10 1.20 0.30 1.00 4.00 0.00 300.00
1.05 0.917 0.95 0.98 1.02 1.03 299.00 299.00
1.00167 0.99167

7.20 0.02 0.98 1.02 0.60 -0.44 0.44 0.02
0.00 -99.00 99.00 7.00 2.00 1.00 0.00 0.00
0.00 1.20 1.00 1.00 -99.00 99.00 0.02 0.05
-0.0006 0.0006 20.00 0.00 -99.00 99.00 10.00 7.00
0.00 1.00 -99.00 99.00 5.00 2.00 0.30 0.65
0.88 1.10 1.20 0.30 1.00 4.00 0.00 300.00
1.05 0.917 0.95 0.98 1.02 1.03 299.00 299.00
1.00167 0.99167

5.80 0.02 0.98 1.02 0.60 -0.44 0.44 0.02
0.00 -99.00 99.00 7.00 2.00 1.00 0.00 0.00
0.00 1.20 1.00 1.00 -99.00 99.00 0.02 0.05
-0.0006 0.0006 20.00 0.00 -99.00 99.00 10.00 7.00
0.00 1.00 -99.00 99.00 5.00 2.00 0.30 0.65
0.88 1.10 1.20 0.30 1.00 4.00 0.00 300.00
1.05 0.917 0.95 0.98 1.02 1.03 299.00 299.00
1.00167 0.99167

5.20 0.02 0.98 1.02 0.60 -0.44 0.44 0.02
0.00 -99.00 99.00 7.00 2.00 1.00 0.00 0.00
0.00 1.20 1.00 1.00 -99.00 99.00 0.02 0.05
-0.0006 0.0006 20.00 0.00 -99.00 99.00 10.00 7.00
0.00 1.00 -99.00 99.00 5.00 2.00 0.30 0.65
0.88 1.10 1.20 0.30 1.00 4.00 0.00 300.00
1.05 0.917 0.95 0.98 1.02 1.03 299.00 299.00
1.00167 0.99167

7.50 0.02 0.98 1.02 0.60 -0.44 0.44 0.02
0.00 -99.00 99.00 7.00 2.00 1.00 0.00 0.00
0.00 1.20 1.00 1.00 -99.00 99.00 0.02 0.05
-0.0006 0.0006 20.00 0.00 -99.00 99.00 10.00 7.00
0.00 1.00 -99.00 99.00 5.00 2.00 0.30 0.65
0.88 1.10 1.20 0.30 1.00 4.00 0.00 300.00
1.05 0.917 0.95 0.98 1.02 1.03 299.00 299.00
1.00167 0.99167

5.70 0.02 0.98 1.02 0.60 -0.44 0.44 0.02
0.00 -99.00 99.00 7.00 2.00 1.00 0.00 0.00
0.00 1.20 1.00 1.00 -99.00 99.00 0.02 0.05
-0.0006 0.0006 20.00 0.00 -99.00 99.00 10.00 7.00
0.00 1.00 -99.00 99.00 5.00 2.00 0.30 0.65
0.88 1.10 1.20 0.30 1.00 4.00 0.00 300.00
1.05 0.917 0.95 0.98 1.02 1.03 299.00 299.00
1.00167 0.99167

5.30 0.02 0.98 1.02 0.60 -0.44 0.44 0.02
0.00 -99.00 99.00 7.00 2.00 1.00 0.00 0.00
0.00 1.20 1.00 1.00 -99.00 99.00 0.02 0.05
-0.0006 0.0006 20.00 0.00 -99.00 99.00 10.00 7.00
0.00 1.00 -99.00 99.00 5.00 2.00 0.30 0.65
0.88 1.10 1.20 0.30 1.00 4.00 0.00 300.00
1.05 0.917 0.95 0.98 1.02 1.03 299.00 299.00
1.00167 0.99167

5.70 0.02 0.98 1.02 0.60 -0.44 0.44 0.02
0.00 -99.00 99.00 7.00 2.00 1.00 0.00 0.00
0.00 1.20 1.00 1.00 -99.00 99.00 0.02 0.05
-0.0006 0.0006 20.00 0.00 -99.00 99.00 10.00 7.00
0.00 1.00 -99.00 99.00 5.00 2.00 0.30 0.65
0.88 1.10 1.20 0.30 1.00 4.00 0.00 300.00
1.05 0.917 0.95 0.98 1.02 1.03 299.00 299.00
1.00167 0.99167

5.00 0.02 0.98 1.02 0.60 -0.44 0.44 0.02
0.00 -99.00 99.00 7.00 2.00 1.00 0.00 0.00
0.00 1.20 1.00 1.00 -99.00 99.00 0.02 0.05
-0.0006 0.0006 20.00 0.00 -99.00 99.00 10.00 7.00
0.00 1.00 -99.00 99.00 5.00 2.00 0.30 0.65
0.88 1.10 1.20 0.30 1.00 4.00 0.00 300.00
1.05 0.917 0.95 0.98 1.02 1.03 299.00 299.00
1.00167 0.99167

4.70 0.02 0.98 1.02 0.60 -0.44 0.44 0.02
0.00 -99.00 99.00 7.00 2.00 1.00 0.00 0.00
0.00 1.20 1.00 1.00 -99.00 99.00 0.02 0.05
-0.0006 0.0006 20.00 0.00 -99.00 99.00 10.00 7.00
0.00 1.00 -99.00 99.00 5.00 2.00 0.30 0.65
0.88 1.10 1.20 0.30 1.00 4.00 0.00 300.00
1.05 0.917 0.95 0.98 1.02 1.03 299.00 299.00
1.00167 0.99167

8.90 0.02 0.98 1.02 0.60 -0.44 0.44 0.02
0.00 -99.00 99.00 7.00 2.00 1.00 0.00 0.00
0.00 1.20 1.00 1.00 -99.00 99.00 0.02 0.05
-0.0006 0.0006 20.00 0.00 -99.00 99.00 10.00 7.00
0.00 1.00 -99.00 99.00 5.00 2.00 0.30 0.65
0.88 1.10 1.20 0.30 1.00 4.00 0.00 300.00
1.05 0.917 0.95 0.98 1.02 1.03 299.00 299.00
1.00167 0.99167

7.90 0.02 0.98 1.02 0.60 -0.44 0.44 0.02
0.00 -99.00 99.00 7.00 2.00 1.00 0.00 0.00
0.00 1.20 1.00 1.00 -99.00 99.00 0.02 0.05
-0.0006 0.0006 20.00 0.00 -99.00 99.00 10.00 7.00
0.00 1.00 -99.00 99.00 5.00 2.00 0.30 0.65
0.88 1.10 1.20 0.30 1.00 4.00 0.00 300.00
1.05 0.917 0.95 0.98 1.02 1.03 299.00 299.00
1.00167 0.99167

6.40 0.02 0.98 1.02 0.60 -0.44 0.44 0.02
0.00 -99.00 99.00 7.00 2.00 1.00 0.00 0.00
0.00 1.20 1.00 1.00 -99.00 99.00 0.02 0.05
-0.0006 0.0006 20.00 0.00 -99.00 99.00 10.00 7.00
0.00 1.00 -99.00 99.00 5.00 2.00 0.30 0.65
0.88 1.10 1.20 0.30 1.00 4.00 0.00 300.00
1.05 0.917 0.95 0.98 1.02 1.03 299.00 299.00
1.00167 0.99167

4.60 0.02 0.98 1.02 0.60 -0.44 0.44 0.02
0.00 -99.00 99.00 7.00 2.00 1.00 0.00 0.00
0.00 1.20 1.00 1.00 -99.00 99.00 0.02 0.05
-0.0006 0.0006 20.00 0.00 -99.00 99.00 10.00 7.00
0.00 1.00 -99.00 99.00 5.00 2.00 0.30 0.65
0.88 1.10 1.20 0.30 1.00 4.00 0.00 300.00
1.05 0.917 0.95 0.98 1.02 1.03 299.00 299.00
1.00167 0.99167

5.00 0.02 0.98 1.02 0.60 -0.44 0.44 0.02
0.00 -99.00 99.00 7.00 2.00 1.00 0.00 0.00
0.00 1.20 1.00 1.00 -99.00 99.00 0.02 0.05
-0.0006 0.0006 20.00 0.00 -99.00 99.00 10.00 7.00
0.00 1.00 -99.00 99.00 5.00 2.00 0.30 0.65
0.88 1.10 1.20 0.30 1.00 4.00 0.00 300.00
1.05 0.917 0.95 0.98 1.02 1.03 299.00 299.00
1.00167 0.99167

5.80 0.02 0.98 1.02 0.60 -0.44 0.44 0.02
0.00 -99.00 99.00 7.00 2.00 1.00 0.00 0.00
0.00 1.20 1.00 1.00 -99.00 99.00 0.02 0.05
-0.0006 0.0006 20.00 0.00 -99.00 99.00 10.00 7.00
0.00 1.00 -99.00 99.00 5.00 2.00 0.30 0.65
0.88 1.10 1.20 0.30 1.00 4.00 0.00 300.00
1.05 0.917 0.95 0.98 1.02 1.03 299.00 299.00
1.00167 0.99167

6.90 0.02 0.98 1.02 0.60 -0.44 0.44 0.02
0.00 -99.00 99.00 7.00 2.00 1.00 0.00 0.00
0.00 1.20 1.00 1.00 -99.00 99.00 0.02 0.05
-0.0006 0.0006 20.00 0.00 -99.00 99.00 10.00 7.00
0.00 1.00 -99.00 99.00 5.00 2.00 0.30 0.65
0.88 1.10 1.20 0.30 1.00 4.00 0.00 300.00
1.05 0.917 0.95 0.98 1.02 1.03 299.00 299.00
1.00167 0.99167

4.50 0.02 0.98 1.02 0.60 -0.44 0.44 0.02
0.00 -99.00 99.00 7.00 2.00 1.00 0.00 0.00
0.00 1.20 1.00 1.00 -99.00 99.00 0.02 0.05
-0.0006 0.0006 20.00 0.00 -99.00 99.00 10.00 7.00
0.00 1.00 -99.00 99.00 5.00 2.00 0.30 0.65
0.88 1.10 1.20 0.30 1.00 4.00 0.00 300.00
1.05 0.917 0.95 0.98 1.02 1.03 299.00 299.00
1.00167 0.99167

3.30 0.02 0.98 1.02 0.60 -0.44 0.44 0.02
0.00 -99.00 99.00 7.00 2.00 1.00 0.00 0.00
0.00 1.20 1.00 1.00 -99.00 99.00 0.02 0.05
-0.0006 0.0006 20.00 0.00 -99.00 99.00 10.00 7.00
0.00 1.00 -99.00 99.00 5.00 2.00 0.30 0.65
0.88 1.10 1.20 0.30 1.00 4.00 0.00 300.00
1.05 0.917 0.95 0.98 1.02 1.03 299.00 299.00
1.00167 0.99167

4.30 0.02 0.98 1.02 0.60 -0.44 0.44 0.02
0.00 -99.00 99.00 7.00 2.00 1.00 0.00 0.00
0.00 1.20 1.00 1.00 -99.00 99.00 0.02 0.05
-0.0006 0.0006 20.00 0.00 -99.00 99.00 10.00 7.00
0.00 1.00 -99.00 99.00 5.00 2.00 0.30 0.65
0.88 1.10 1.20 0.30 1.00 4.00 0.00 300.00
1.05 0.917 0.95 0.98 1.02 1.03 299.00 299.00
1.00167 0.99167

6.40 0.02 0.98 1.02 0.60 -0.44 0.44 0.02
0.00 -99.00 99.00 7.00 2.00 1.00 0.00 0.00
0.00 1.20 1.00 1.00 -99.00 99.00 0.02 0.05
-0.0006 0.0006 20.00 0.00 -99.00 99.00 10.00 7.00
0.00 1.00 -99.00 99.00 5.00 2.00 0.30 0.65
0.88 1.10 1.20 0.30 1.00 4.00 0.00 300.00
1.05 0.917 0.95 0.98 1.02 1.03 299.00 299.00
1.00167 0.99167

6.40 0.02 0.98 1.02 0.60 -0.44 0.44 0.02
0.00 -99.00 99.00 7.00 2.00 1.00 0.00 0.00
0.00 1.20 1.00 1.00 -99.00 99.00 0.02 0.05
-0.0006 0.0006 20.00 0.00 -99.00 99.00 10.00 7.00
0.00 1.00 -99.00 99.00 5.00 2.00 0.30 0.65
0.88 1.10 1.20 0.30 1.00 4.00 0.00 300.00
1.05 0.917 0.95 0.98 1.02 1.03 299.00 299.00
1.00167 0.99167

6.50 0.02 0.98 1.02 0.60 -0.44 0.44 0.02
0.00 -99.00 99.00 7.00 2.00 1.00 0.00 0.00
0.00 1.20 1.00 1.00 -99.00 99.00 0.02 0.05
-0.0006 0.0006 20.00 0.00 -99.00 99.00 10.00 7.00
0.00 1.00 -99.00 99.00 5.00 2.00 0.30 0.65
0.88 1.10 1.20 0.30 1.00 4.00 0.00 300.00
1.05 0.917 0.95 0.98 1.02 1.03 299.00 299.00
1.00167 0.99167

5.90 0.02 0.98 1.02 0.60 -0.44 0.44 0.02
0.00 -99.00 99.00 7.00 2.00 1.00 0.00 0.00
0.00 1.20 1.00 1.00 -99.00 99.00 0.02 0.05
-0.0006 0.0006 20.00 0.00 -99.00 99.00 10.00 7.00
0.00 1.00 -99.00 99.00 5.00 2.00 0.30 0.65
0.88 1.10 1.20 0.30 1.00 4.00 0.00 300.00
1.05 0.917 0.95 0.98 1.02 1.03 299.00 299.00
1.00167 0.99167

6.20 0.02 0.98 1.02 0.60 -0.44 0.44 0.02
0.00 -99.00 99.00 7.00 2.00 1.00 0.00 0.00
0.00 1.20 1.00 1.00 -99.00 99.00 0.02 0.05
-0.0006 0.0006 20.00 0.00 -99.00 99.00 10.00 7.00
0.00 1.00 -99.00 99.00 5.00 2.00 0.30 0.65
0.88 1.10 1.20 0.30 1.00 4.00 0.00 300.00
1.05 0.917 0.95 0.98 1.02 1.03 299.00 299.00
1.00167 0.99167

5.50 0.02 0.98 1.02 0.60 -0.44 0.44 0.02
0.00 -99.00 99.00 7.00 2.00 1.00 0.00 0.00
0.00 1.20 1.00 1.00 -99.00 99.00 0.02 0.05
-0.0006 0.0006 20.00 0.00 -99.00 99.00 10.00 7.00
0.00 1.00 -99.00 99.00 5.00 2.00 0.30 0.65
0.88 1.10 1.20 0.30 1.00 4.00 0.00 300.00
1.05 0.917 0.95 0.98 1.02 1.03 299.00 299.00
1.00167 0.99167

7.00 0.02 0.98 1.02 0.60 -0.44 0.44 0.02
0.00 -99.00 99.00 7.00 2.00 1.00 0.00 0.00
0.00 1.20 1.00 1.00 -99.00 99.00 0.02 0.05
-0.0006 0.0006 20.00 0.00 -99.00 99.00 10.00 7.00
0.00 1.00 -99.00 99.00 5.00 2.00 0.30 0.65
0.88 1.10 1.20 0.30 1.00 4.00 0.00 300.00
1.05 0.917 0.95 0.98 1.02 1.03 299.00 299.00
1.00167 0.99167

4.40 0.02 0.98 1.02 0.60 -0.44 0.44 0.02
0.00 -99.00 99.00 7.00 2.00 1.00 0.00 0.00
0.00 1.20 1.00 1.00 -99.00 99.00 0.02 0.05
-0.0006 0.0006 20.00 0.00 -99.00 99.00 10.00 7.00
0.00 1.00 -99.00 99.00 5.00 2.00 0.30 0.65
0.88 1.10 1.20 0.30 1.00 4.00 0.00 300.00
1.05 0.917 0.95 0.98 1.02 1.03 299.00 299.00
1.00167 0.99167

6.50 0.02 0.98 1.02 0.60 -0.44 0.44 0.02
0.00 -99.00 99.00 7.00 2.00 1.00 0.00 0.00
0.00 1.20 1.00 1.00 -99.00 99.00 0.02 0.05
-0.0006 0.0006 20.00 0.00 -99.00 99.00 10.00 7.00
0.00 1.00 -99.00 99.00 5.00 2.00 0.30 0.65
0.88 1.10 1.20 0.30 1.00 4.00 0.00 300.00
1.05 0.917 0.95 0.98 1.02 1.03 299.00 299.00
1.00167 0.99167

5.00 0.02 0.98 1.02 0.60 -0.44 0.44 0.02
0.00 -99.00 99.00 7.00 2.00 1.00 0.00 0.00
0.00 1.20 1.00 1.00 -99.00 99.00 0.02 0.05
-0.0006 0.0006 20.00 0.00 -99.00 99.00 10.00 7.00
0.00 1.00 -99.00 99.00 5.00 2.00 0.30 0.65
0.88 1.10 1.20 0.30 1.00 4.00 0.00 300.00
1.05 0.917 0.95 0.98 1.02 1.03 299.00 299.00
1.00167 0.99167

5.60 0.02 0.98 1.02 0.60 -0.44 0.44 0.02
0.00 -99.00 99.00 7.00 2.00 1.00 0.00 0.00
0.00 1.20 1.00 1.00 -99.00 99.00 0.02 0.05
-0.0006 0.0006 20.00 0.00 -99.00 99.00 10.00 7.00
0.00 1.00 -99.00 99.00 5.00 2.00 0.30 0.65
0.88 1.10 1.20 0.30 1.00 4.00 0.00 300.00
1.05 0.917 0.95 0.98 1.02 1.03 299.00 299.00
1.00167 0.99167

6.60 0.02 0.98 1.02 0.60 -0.44 0.44 0.02
0.00 -99.00 99.00 7.00 2.00 1.00 0.00 0.00
0.00 1.20 1.00 1.00 -99.00 99.00 0.02 0.05
-0.0006 0.0006 20.00 0.00 -99.00 99.00 10.00 7.00
0.00 1.00 -99.00 99.00 5.00 2.00 0.30 0.65
0.88 1.10 1.20 0.30 1.00 4.00 0.00 300.00
1.05 0.917 0.95 0.98 1.02 1.03 299.00 299.00
1.00167 0.99167

7.20 0.02 0.98 1.02 0.60 -0.44 0.44 0.02
0.00 -99.00 99.00 7.00 2.00 1.00 0.00 0.00
0.00 1.20 1.00 1.00 -99.00 99.00 0.02 0.05
-0.0006 0.0006 20.00 0.00 -99.00 99.00 10.00 7.00
0.00 1.00 -99.00 99.00 5.00 2.00 0.30 0.65
0.88 1.10 1.20 0.30 1.00 4.00 0.00 300.00
1.05 0.917 0.95 0.98 1.02 1.03 299.00 299.00
1.00167 0.99167

4.70 0.02 0.98 1.02 0.60 -0.44 0.44 0.02
0.00 -99.00 99.00 7.00 2.00 1.00 0.00 0.00
0.00 1.20 1.00 1.00 -99.00 99.00 0.02 0.05
-0.0006 0.0006 20.00 0.00 -99.00 99.00 10.00 7.00
0.00 1.00 -99.00 99.00 5.00 2.00 0.30 0.65
0.88 1.10 1.20 0.30 1.00 4.00 0.00 300.00
1.05 0.917 0.95 0.98 1.02 1.03 299.00 299.00
1.00167 0.99167

7.40 0.02 0.98 1.02 0.60 -0.44 0.44 0.02
0.00 -99.00 99.00 7.00 2.00 1.00 0.00 0.00
0.00 1.20 1.00 1.00 -99.00 99.00 0.02 0.05
-0.0006 0.0006 20.00 0.00 -99.00 99.00 10.00 7.00
0.00 1.00 -99.00 99.00 5.00 2.00 0.30 0.65
0.88 1.10 1.20 0.30 1.00 4.00 0.00 300.00
1.05 0.917 0.95 0.98 1.02 1.03 299.00 299.00
1.00167 0.99167

6.80 0.02 0.98 1.02 0.60 -0.44 0.44 0.02
0.00 -99.00 99.00 7.00 2.00 1.00 0.00 0.00
0.00 1.20 1.00 1.00 -99.00 99.00 0.02 0.05
-0.0006 0.0006 20.00 0.00 -99.00 99.00 10.00 7.00
0.00 1.00 -99.00 99.00 5.00 2.00 0.30 0.65
0.88 1.10 1.20 0.30 1.00 4.00 0.00 300.00
1.05 0.917 0.95 0.98 1.02 1.03 299.00 299.00
1.00167 0.99167

5.90 0.02 0.98 1.02 0.60 -0.44 0.44 0.02
0.00 -99.00 99.00 7.00 2.00 1.00 0.00 0.00
0.00 1.20 1.00 1.00 -99.00 99.00 0.02 0.05
-0.0006 0.0006 20.00 0.00 -99.00 99.00 10.00 7.00
0.00 1.00 -99.00 99.00 5.00 2.00 0.30 0.65
0.88 1.10 1.20 0.30 1.00 4.00 0.00 300.00
1.05 0.917 0.95 0.98 1.02 1.03 299.00 299.00
1.00167 0.99167

5.80 0.02 0.98 1.02 0.60 -0.44 0.44 0.02
0.00 -99.00 99.00 7.00 2.00 1.00 0.00 0.00
0.00 1.20 1.00 1.00 -99.00 99.00 0.02 0.05
-0.0006 0.0006 20.00 0.00 -99.00 99.00 10.00 7.00
0.00 1.00 -99.00 99.00 5.00 2.00 0.30 0.65
0.88 1.10 1.20 0.30 1.00 4.00 0.00 300.00
1.05 0.917 0.95 0.98 1.02 1.03 299.00 299.00
1.00167 0.99167
